8123521212758.2695,-28369262360811.82,52975964292496.562
6646922704172.8574,-21766720981669.652,38743951463486.508
6869576474378.0225,-23039051287659.926,51320682144689.688
-3520132133308.5322,-24386878893406.508,40140410619957.727
-3681333003801.3135,-16866432715474.637,29649187043519.656
1444472047264.959,-27941599322976.266,46211775884755.305
6668341701483.6289,-24766124829779.699,51863762956667.094
-4241933526640.2134,-26929643961203.852,43020200054454.57
5449613476581.2422,46213839376303.211,30384642925668.188
-2727217030524.5332,42660427408262.508,29705192564826.367
1022362407291.4076,25716375453374.523,15347495785061.018
-1868612395495.4702,36615579565187.336,28801464979648.297
5585108159549.3818,40522138560570.328,27029924916766.039
-1233286450752.9807,33217793339026.609,27194788713426.086
713143448768.2323,44746070864355.039,28089744326378.281
-1210078639985.51,40901510604783.492,29112312073668.492
1307119223191.4807,-11744008964574.707,2088744368737.0325
-4796427006747.7744,5837853228228.0586,9078286631075.0117
-1809148928123.2241,-2779729543578.5259,6176018733593.6982
-6878312244684.043,-10903806040834.92,18114231188625.578
-2502308853588.978,11147004927184.441,1124721358792.6738
-4945404654569.2168,851328551709.22803,17545796561699.141
2240543797854.5366,-32165388941176.746,21787132306729.148
-4039084647147.8706,3017610864041.9941,10473499905428.699
1987047699381.3152,-40591846591451.93,24336533448149.035
-8907853226470.8008,-28811191858172.121,3534329489735.5151
1846266891604.8596,-41333676921079.117,12693936410860.307
-5540953398603.3496,-22821337632350.918,-276908881857.01343
-4809849478184.0498,-5304163080679.8281,-16310632414890.986
-6332642469337.9238,-15613623578736.967,1017168953520.4474
-4568015175159.624,-33036297977908.32,-4294385969279.4375
-8508610642394.5371,-12744481076990.547,-7770879114242.9258
-56994790546538.758,-31440497860442.598,40562592683370.164
-54926807944430.594,-20253065393342.754,39601489326387.844
-78377555450309.438,-41227186592652.062,11679412784384.877
-65408943675375.664,-12370887067683.619,9361735057832.1172
-78151349416012.109,-47987089091929.359,16380952378800.711
-64650670251212.672,-21705710881761.574,15583031084463.652
-74064108011449.906,-43808506559343.508,25520630988640.008
-64553020841835.016,-19518565199899.492,20311736171829.277
-31855218888518.223,46541382417227.922,34279311299223.266
-35988677677084.039,39380738388532.672,33730026986272.047
-62794848867841.75,65727174002060.414,12580744182986.076
-46600938545040.805,55747856429146.484,23060437570024.988
-64843525801472.852,70792058350811.5,12495910198708.453
-48542482055642.172,64536753282498.641,19666756195175.457
-52057433823991.391,69742706294601.383,17078944672802.912
-43546700900034.883,62692717200034.883,26932701207948.883
-64152284395280.672,-2802467620771.1016,240710757063.78815
-60140796571912.188,12917037194141.828,6224668176035.4131
-78294084060021.547,8632213973908.666,-29883234697614.488
-61218855693064.805,21469718375322.02,-4590660890865.2041
-78891249493859.406,12959043845972.967,-32015046484412.75
-62288689556119.188,25865082194529.844,-4796568133691.0742
-72293231623871.969,14868614198388.271,-24564628317760.621
-59071276896875.531,21746500259198.059,-1198641427576.6226
-81671515384634.25,17211332010688.871,-6378572095060.4355
-69722914588851.664,27370703117258.887,-3275854138478.2432
-99078951106721.984,5991337690909.4541,-17100274550529.152
-66077988627313.141,34366823906088.953,1685144265751.6118
-100845600400648.61,5019784567796.4111,-20088493052119.055
-74981764611244.375,24939943694669.906,2220213402285.6597
-91175862489389.531,23517606400092.508,-9793744242436.7695
-72692534936574.625,32887588284279.957,4429271933126.041
42262341224783.984,-35235182520637.492,-13510576877236.691
34189593221038.305,26377283377128.969,-14673994641345.229
42674256109667.039,-32413532548111.266,-18344886846396.496
33593023636773.453,26766978032085.812,-13950281466111.562
40658672545147.375,-13285685504482.57,-29552065788703.273
33834110821665.766,27216488195063.176,-12953689824880.17
42425968184085.945,-35148059616304.203,-14611046277297.629
34518589086681.32,27226468348279.047,-11815134463268.668
46782749064830.969,-20178312291592.301,-16283137528065.172
41443818352648.148,-7532499278064.3936,-17048661164687.58
47398692829104.977,-31746548159710.891,-16255581078727.129
41621320633495.312,-14399839038078.377,-17274466753515.119
48095944892400.742,-29541511818429.07,-19360150797202.305
42216782631264.703,-3757479414520.5088,-22423744018713.664
47805752029504.477,-29430333128318.465,-18614929941125.727
42412726114552.594,-9900274989836.6875,-20202609707517.324
39996620112096.0,-12395870836103.062,-20707352400307.77
33326380655339.832,11035756834035.018,-11203672385962.008
40109204196893.875,-12426201937486.578,-24136444086128.719
34157635637413.484,12497104916225.064,-11210292046698.344
40005927458360.227,-11562141882622.258,-22716477676195.031
34335818447753.453,11351662010281.945,-9198976391680.9492
40253817209562.055,-12560523833057.117,-22537295237966.25
34335548304800.988,12751442869869.494,-10880380147785.801
35473867923896.438,11931227495316.66,-23508951820284.984
33031772477169.691,5930052175397.5068,-11931715386009.914
35477211714959.742,11362722671206.441,-24334180628430.516
33031429796622.273,11620359784610.285,-13399551504366.529
35876095334395.0,13092833036264.469,-23994093867535.988
32255817624136.91,14843463629175.383,-11164684993791.252
35849526323026.133,12204710373252.41,-24072007152817.133
32877054624064.41,10094527847066.994,-12352836661718.268
-94704562606601.312,-41605627298825.781,42910806752626.836
-98765918474945.75,-37384508593562.398,34510562364494.773
-100952422598699.47,-45215451401385.875,28566676463516.691
-101652975394406.7,-40074938856927.945,32222386231880.539
-103677469042376.44,-39417164008292.023,16136330622780.455
-103774524214906.5,-35998073523448.242,28289457077243.598
-98670684787208.906,-45188643125571.906,26849416624403.602
-100646217278393.83,-41321599663341.656,28809748472854.828
-98451465620869.812,48068998135103.93,-4488755648048.1484
-96999233080922.594,54104453655734.359,4676199976787.2139
-96871802630227.047,45489471974362.07,-13329094332689.221
-101112488079351.39,44739822332824.242,-6716575350420.3604
-99092643443241.969,38884593303776.75,-19275291490893.227
-100147048957266.31,45452434161487.375,-4899676478937.0557
-98632747521220.359,31307097713337.461,-23752341059186.961
-99336332055258.828,48888300491309.125,-5066959412330.6025
-110259097213106.64,-18633431997390.418,-13843874878641.562
-105784449542028.66,-10499471182268.879,-3134687281616.1719
-107951154780048.23,-18183544311227.785,-18322860494211.789
-105432313463692.5,-8857596188532.0566,-5483564210365.7529
-107916434166999.42,-19397442402462.961,-17669277461177.047
-104032213218132.28,-4788873361401.041,-7867314152818.7617
-108846194105301.61,-19731521311806.215,-14658703088088.93
-104724079049565.91,-11703987387768.949,-3780637229026.896
-114804544483910.88,-19348475419969.332,-9669476114064.6699
-117688428384855.41,-7594264314475.6279,-1713682767818.9229
-108642106873086.31,-20169079517656.551,-13897853266705.777
-121887345576442.62,-14769782278574.232,-4172163561206.0894
-105479979895343.42,-13035056788516.459,-19152034840017.035
-115095889922667.41,-4033293544593.5278,-4125260017163.0552
-114513305693935.61,-18299750216126.191,-12262459826305.398
-120151627512053.55,-8051090631748.8408,-2155553790356.9536
-52212430220991.32,-43419920809143.094,-9483391747136.4414
-58950902786596.312,-35436769324816.156,-3091380030648.9692
-53403354929304.977,-45227945665034.656,-9990284990343.6914
-58306612807601.422,-36763975005437.0,1933177064565.9353
-53278948174868.266,-44152300634717.531,-10549279189151.811
-57383193488528.359,-37439158526116.75,3392190686981.437
-58117379958484.0,-35506213401829.695,372756528976.80658
-58117379958483.992,-35506213401829.68,372756528976.81085
-32488873161243.035,41948069254755.594,-14990274565308.32
-56447414931305.625,32478791462076.098,-21839723588966.867
-33480213386058.035,39751835750347.352,-16655478864792.557
-56855029038104.305,30793913707707.797,-23551725332367.699
-32240666506344.238,40715641552544.883,-16091173163804.316
-54485400648539.672,32767666271810.586,-21385694256971.664
-32302886678230.949,39791915976441.164,-17321607595231.779
-56925357922788.508,32080992112019.602,-22623405685337.125
-56994236943971.969,-9605790658411.748,-39686654313757.688
-61185473422309.742,-14765260902529.438,-27201035756453.949
-57133280654620.578,-2947395472236.5781,-40021469354446.195
-61055208881964.922,-12226658441926.822,-28569395963554.527
-57102532706543.234,-1268730675155.0662,-40778013425908.344
-61240157651300.266,-10150714938150.746,-29446675896494.293
-58038658127665.266,-10124751044327.334,-39605895584817.422
-60328081189868.344,-14384857383178.936,-27114555026370.324
-51585565008525.062,-10882187924016.434,-51550155455862.531
-62897892844891.531,-7144139315846.667,-26157509535587.258
-53010974614591.039,-13734849595842.051,-51309389010432.07
-63486621537770.445,-5335146179466.1016,-26682995170144.305
-52003111456940.039,-14800678375485.658,-51100181041289.414
-62789039316274.57,-6171909607025.7393,-25881756947366.379
-52727005035904.938,-13854474746143.74,-51028179343751.188
-63204905704950.469,-6218447565032.0889,-26204648063784.426
14938702789215.021,-38222258569350.852,-6282609033840.6445
-12678079074564.59,-39063731568152.414,15570173571754.379
20043398822870.676,-38991674965293.195,-12682924027664.678
-19878973887786.262,-32814139938703.422,-8656939567777.7275
17327415165485.385,-44604014447372.062,-251199031843.28207
-22782764000578.707,-35425891314087.07,-3312488501223.9741
22041372751742.051,-44250023448102.133,21337119135573.027
-10904217619918.18,-36784733624137.117,21864004638720.754
19711408342595.09,52235441636886.391,2114479425587.2864
-12795417487402.008,47454567416750.102,4697065047027.5713
18234912593009.578,48337537705701.148,-3148769332496.4487
-19110892807878.098,39618151671151.469,-10540538217775.43
15209758086294.975,47666518561070.539,-4763780505342.335
-22486611787110.664,37962800712011.18,-13085463409357.41
18959975635217.691,50613682241695.883,5795171320918.8799
-12762891912624.629,47860688266127.312,7354613244925.8281
8531596778157.6396,-10776907968763.561,-25707234210763.82
-27908047023992.797,-2462953519970.0112,-15538336365467.652
17846578028298.309,-13209408516271.379,-34056771322784.887
-28473601981575.25,-4822362995641.8799,-17765594087173.648
16653663144669.588,-20074540549955.266,-29558205628512.594
-33850624494226.137,-8598221622116.4736,-15922630750457.172
19092634595170.34,-1303865652701.9597,-22971346520868.004
-25446504599430.016,-13005048240818.654,-12539460465066.906
8232576057464.9346,-19124771431619.301,-15954692727803.49
-41472395046829.844,-27058675546501.414,-6111736369275.6553
11231677918413.287,-15167548243626.623,-24162391302458.918
-48638532561531.32,-18123239591305.586,-19519522424735.98
11612555894968.482,-20796577503365.461,-26236296687228.363
-44825606213189.898,-18645812351075.527,-19687172695173.793
9842608183268.0215,1504821664913.5405,-28232953654664.617
-35892039815352.086,-5134332711390.9922,-21639655985495.609
35942189900488.078,-28602836504021.398,47257261723118.141
40046370308136.633,-28968585922052.488,38219173932094.0
33025398863508.801,-4814645858676.9424,24644916387946.539
41439055655020.219,-33707816745725.793,52836662746065.43
33551708730967.992,-20667605086881.797,37548591549199.891
36427096421428.5,-30827802340051.07,47484499560733.836
33648527532568.926,-4341961168304.6177,21435285227521.902
30898785325750.457,-4803150501566.9609,23059600907823.125
32630944945902.746,29844021054156.027,33091615128281.188
37285908348513.109,-6939794474933.0303,12174625140990.646
32395587486449.281,28991908663943.078,32594770592679.949
37850193986501.594,6616847682136.8525,14686155432211.209
32943824950999.254,29760801960465.719,30084774736625.746
30244193079094.758,10821994631699.346,23905322047362.828
32570207594863.156,26616708908937.023,31691547231901.992
35168544370503.68,-24873090941342.418,25568211585407.836
34312661177673.398,10961736379027.982,11536054789357.518
39532880643910.211,-21869495207478.266,14502906343502.037
33842560637637.578,10259052254070.637,12498768556582.891
41607411561464.75,-19714626635820.254,13126899759906.82
33226787308830.512,-11630475385131.84,20466989125235.586
35781325955236.375,-28103003264864.352,23345123925708.016
34217224625931.992,7225731096854.0664,9928244967085.8047
36068877220247.586,-25547966132456.785,17175860840614.15
34618746929736.531,12846506135356.758,12025962776720.148
39884845827577.016,-22176497030932.688,8016894312418.7197
34341838580591.602,10806450525939.459,9943653168302.166
40563163235679.258,-22668277638162.828,9039920056288.7852
34608683567484.203,10686950193453.816,11943148913094.99
35630996561569.477,-24998784471497.41,16392368228670.533
33903145214742.555,12619701494218.648,11516885302622.014
41879583153429.406,-10809159563929.1,24720438199331.695
41486271202845.383,-2313286113633.4546,22832242276830.816
41557616930405.055,-5842781894943.2031,1530184824275.6179
39820899464489.328,-1259887829300.9395,10613200085874.0
41920325322966.898,-7995781555040.8867,3794490283281.5488
40672786454818.352,-5190287451242.332,18555040153530.055
39740292209923.391,4052465061031.2012,10117419078497.6
41360141916722.258,-2334386258782.7012,19345942501357.223
41392167778984.719,20200060609190.797,15966271578621.934
40761875482093.031,13993187396670.969,13347242089998.428
40841882071164.695,12700574058447.6,5981241700651.9258
39916864857938.398,4810485391584.8975,6886000605322.8799
41274249845674.234,19550850897413.562,6872383075469.9688
40586080207261.422,10693734950989.58,7729494747647.4287
40811227719638.07,17576432011741.762,10462019478667.309
40385793529712.672,8463107918091.2627,12431464463074.289
42601618196980.078,1259841063605.8835,-2696045776520.0347
41389042933991.211,1623914326173.7271,8603206177520.916
41588077622954.062,2569288119482.6191,-2660412286944.4985
41662832650573.141,315444126812.13989,-1096591015515.2872
40205138433456.469,1957836675852.7842,6786502263372.3311
42272297739649.914,-1518300592042.5359,1127273066164.3936
40415429613662.172,2121638404051.0579,9769570713997.7598
37708700260802.406,4752789272814.4912,15266214351777.734
37737548649745.867,6253726632143.1514,15848871234950.812
38249163326554.125,3678051401001.2607,10488175332982.891
37732617036392.703,4702877630761.4102,15700324664510.34
38836779953550.93,3667755403236.5972,7013476783730.8545
38011829992369.5,5100475084265.6777,15508058558475.848
38257806884350.336,3978802862381.1904,11797151996916.641
38116950889997.625,5576754028304.2822,14558976437773.805
42140238988995.938,-23743249883071.707,51041901263641.312
38636619640977.68,-13340832695755.613,41223577742205.906
41911293950322.625,-24757358563354.02,48800358133527.578
41296387188060.938,-20583191493537.895,44957480620795.172
43879394299732.562,-27804743437645.262,53263568813723.227
41473507212465.289,-20756211379071.52,45872443885457.195
43502122327450.25,-28099395256299.781,52414636535444.117
41512962650194.016,-20461067540635.469,45548759378108.641
40349336244851.617,50881722474620.695,27751567490476.484
38212233749350.281,36155164349753.609,22925092313489.945
39584628973193.102,45173475174189.555,21176110258793.973
38282843676938.43,33615219055114.953,21038034066505.363
38931888917276.422,40490375945160.102,16761464430181.262
37027518055197.977,36349629583792.711,20804691171145.102
38320112513114.633,34734445179327.395,20133564364056.18
38356285488442.117,-6220742342040.0117,22401162268493.539
45511558546335.961,-15252624029250.205,5616392908025.8262
40620278769828.18,-6242937146468.1953,20379849657129.805
45879766599261.383,-12558889808189.256,12121346270219.982
40734098166914.469,-7218643508391.8789,20177818602236.336
45916545205342.547,-15365745032792.205,3626288044415.2334
38731458219140.109,-7651345666677.3105,23348562080565.793
42422136417350.211,-16206860588780.824,4155816051623.0142
40507818915202.727,-11767603872069.469,15144687913688.303
42898073944057.133,-16459917544569.529,663334972226.50281
40719230213377.188,-13244967179429.523,15773125435521.197
42944489652641.242,-16142309375210.969,254448830692.2963
41110488760109.688,-11925226348183.045,13259146887038.037
42730954135096.703,-16517634700538.734,1411004883763.5054
40724075419023.211,-11426636673165.344,14573189422235.188
-96457562592648.578,-41574583101218.164,45296716276653.891
-78137473860226.422,-9454726207788.9609,18926287262231.621
-89653668359416.844,-50673022625012.719,32199498838849.824
32437287853049.898,4070496407797.666,10267115992589.268
-95218085505661.938,-45788177571271.742,41779296361735.297
-110801704681998.55,-16895132227485.297,621778678607.1748
-99633751310242.469,-39760305485204.461,41005333797732.078
-109863703601418.62,-24989193310344.539,25745444075932.039
-90210606858320.156,50180922491915.648,37007666565255.695
-101473747541558.58,50358678855976.844,31844285923041.504
-97628628700239.359,49950012283218.539,22003645853278.426
-103313469166498.19,54680867052751.336,24222188335772.789
-100091303724558.83,63120674439688.094,32232662633954.684
-88988797526157.359,53280939937689.0,34939056325000.012
-87482538297208.812,52228252827698.328,36058476031724.461
-104751181290594.53,34030961784180.043,2786054476530.4507
-96064694830782.484,35965730872216.969,20397664569750.512
-105349067771780.12,-741087915127.7019,-20149248659087.445
-109426750232158.16,38944463802451.562,16036027717288.699
-106021188639857.95,26552790574417.148,-15062615808654.223
-111500671654480.08,37621219103231.539,13654752970225.25
-109462599465109.34,43642681200133.93,12299862194819.73
-106196150394102.27,31567369009358.262,14975194301331.213
-103751544607780.72,35884493349606.961,-16839077259312.732
-117422400273488.73,20846304401567.539,-11787735831826.223
-114689475983135.66,3754946022308.2676,-24819421505087.621
-120756299132378.64,8944794823893.918,-12530774414575.492
-105789577044268.23,182511081947.14679,-27283424898181.637
-118723643776893.14,26636143054081.359,-9859071776026.6289
-120649879914734.5,3561810210893.3584,-20296658036875.609
-111729024563406.16,28574331580602.09,-11196488472077.883
6875662129569.3066,-33861512536569.559,32173575968792.062
4865339759095.9941,-19551772421865.914,27334769511733.496
6609499035787.6426,-33142353035900.902,26695900425412.973
4380203398862.793,-15930790827492.584,23870496653896.191
6066625431974.6465,-32729654222725.137,22574636016671.766
5167569021758.5068,-16163402597092.061,22426979787628.438
6546511248972.0889,-34569706939759.168,26142691277505.574
4945399941504.0596,-17232223689008.936,23530910344449.004
4052907482742.2617,29220038820975.039,12403672648835.984
7142492292828.5723,40967559024095.555,17462662280253.635
5585561996007.2686,31846252316895.977,8298045360338.3467
8011930168498.1631,42776364267110.273,17902534650402.039
6235961232974.0264,31966759116841.422,5550672008166.2441
8229512345141.6562,43643004784964.562,19312016795042.789
5993892486925.8662,34106767658816.934,9085169602061.0977
8036601022717.0215,42669888448186.141,16676713195641.553
3865654854632.8135,-3999553218521.6143,-6661184251199.8477
3538070774769.123,8752754382083.3828,8608717653384.2969
4362386007220.9888,-2786236171232.2007,-8665408402448.2451
3506864219395.1553,7811061953817.2197,8132454534222.3438
3748679095219.2266,-2496313145656.166,-9944366646062.4668
2766394820322.7715,7556964251369.1748,7059445848263.0674
4533466154213.2539,-2771556865528.1904,-8819958695333.3301
3728692535599.3364,8946314362139.0332,8452735070308.2529
3900044162177.0259,-15636026520752.385,-10689509116383.9
2908261661583.4102,15545429720810.408,3718247187794.2114
2693468683895.4136,16078295317738.391,4121977929755.2656
2983423274288.0918,-18073495014091.949,-9365085466116.0508
2359728103807.019,15820249875878.758,5012032177818.9326
2595187380447.1245,-15415285148960.768,-10808344249244.787
2800819302745.5132,16169129803293.496,4102244686284.188
57708955482359.141,-49032809569450.195,21716068852051.707
58284182775169.625,-31841097942702.465,-16845463254114.939
64113019261803.023,-27205399764058.762,-40761485301443.148
60840563696495.336,-22508563406970.852,-35696718105508.719
67264398872312.508,-23152873115739.664,-49637171538260.086
61074053046634.742,-7143462643645.459,-43985038331232.836
65525613683471.703,-35113141487308.215,-35724308269877.273
62691068492278.5,-21111248387036.145,-39361121401024.617
59399402914757.656,43278635477089.43,-21486156729395.355
58365149357179.375,11260553467699.965,-35876622629134.5
63588982255205.461,16077908421161.578,-46668078713550.43
57927875915252.57,-289646903961.1134,-34802358356975.469
65509358736441.211,1240318780225.6538,-54719765297010.055
60141508732474.0,-11602391227580.562,-39871041459435.031
64443114832067.578,18368401789694.242,-49028858810422.0
60706951883355.203,-7677301006414.6738,-40970234096007.383
60771330074340.047,-15864800831823.389,-44076123540594.094
52558786188464.672,-6255490627883.3691,-22947748565138.625
60978393106469.359,-4425850920741.3691,-46530287202013.805
53401035380744.023,-2448689805804.5181,-22486970567628.801
60801530776608.453,-1548006993880.7649,-44933432415991.977
53359023738927.375,5836417844979.4414,-19812406758579.82
62022841068638.945,3129262592137.9487,-49786728086482.047
54464545306525.477,-511793322028.00793,-19887883588548.719
60033470125855.57,-11041090705707.99,-41935538765477.586
61122084841252.031,-4618140429318.9033,-32191801905301.168
59951847452481.492,-3977057105861.8271,-42440300880987.0
60652914422187.578,-7686450023651.917,-32150437452287.234
60948949389049.852,-6996579406894.1064,-42564687394772.766
59196299959658.438,-21445337609069.188,-19643746961966.621
59944143767213.898,-5678251623405.4785,-43491909025490.305
60305242331062.695,-11787949540382.564,-30444462554440.832
41456301159091.445,-45621339736645.688,78522277485661.5
43119059935175.844,-52205949855206.672,70745033758792.578
43713586101748.016,-49708669435639.836,69165128958025.055
43714814948239.617,-52533815034530.438,60355250164984.109
44713074252486.828,-51299511242285.648,56747322187429.422
44245063363683.031,-48910233001423.062,58321043510837.711
44511936865276.984,-52568626442302.258,65752686054075.883
43719322440264.305,-52237492895844.836,69655706839544.68
40916832316006.492,72031006367924.984,44660286370735.086
40035490205116.422,68215121417813.344,36369453131794.906
43697554938972.688,77705567729772.516,42089112352220.266
40841961420487.469,70095102264457.188,32048341394101.434
45149121063528.977,79273472819469.375,41182749710464.797
41154604665386.008,72092892502367.578,38138112390681.625
41918615487241.484,71071211076618.109,45706880399810.531
40935052793091.211,71678785261857.188,38632216882243.352
45431420264001.852,1633091051855.25,-18457670320966.348
41340484338635.656,-5038737772547.998,-2615535348264.623
45715425580504.344,742250474188.45154,-25493213880751.355
41503899023013.07,1373705668055.3359,-6020121888795.7568
46199316818477.828,-5930777167088.2188,-23156823468101.789
42149645079196.227,637128238109.70947,-6455686804850.6377
44703885089609.938,13079636047984.178,-20488519101286.965
41333442586688.039,5131229539530.4609,-15376824758071.035
38852502286031.195,512628765730.52087,268059460635.59781
42290842867325.242,12345405612631.08,-19814527458156.789
40091486882810.664,2067778784438.7478,-5628577041934.3936
43197117392658.461,4596555123934.5811,-20038737836725.133
39818203761274.18,1974313827307.78,-4619896761380.4961
41443623746119.18,8948628991185.8477,-14886547446061.234
-6883347707540.9434,-42347900360210.867,37327246043548.477
-16168440172801.354,-37220795959360.758,2985044463754.7876
-8520281180132.7773,-42268194380311.297,-3882863431526.8506
-13725781521777.848,-31718777767581.5,-5675389242574.2578
-10290041564488.48,-34233159493363.988,-16362081023629.564
-15554850530317.766,-38659134683114.07,3148537492083.2065
-8782791075303.0869,-45425060110225.438,5556622176101.6074
-13391960578593.16,-29864820507405.492,-4822013640528.3779
-7576317973056.9102,56107443347181.164,1000484459305.2747
-6861118177423.958,50929883157659.102,-8648393822319.3203
-10336739931752.145,53468223290236.125,1563126515878.4136
-6541812893427.042,44631352839691.109,-12317432289768.291
-8135390676724.2441,57200979840731.773,12527841520735.752
-8384348854289.4922,49622340991111.68,-9042342711017.7793
-9130175879366.832,55640948295193.711,10081658584456.443
-19048149901017.727,5973233675960.4404,-19484548132600.938
-12645193143334.275,-4608115301287.208,-37108980772838.633
-16984467082656.957,4701514433334.8252,-20315217657024.902
-12654533399972.049,5762065897344.7529,-36470645807233.156
-18055023718762.051,11296857032951.621,-19877234315658.121
-15460827653984.217,-10747469962199.783,-35556069723246.938
-18689058863978.723,1221587115540.7126,-19850129146742.449
-28858366519510.398,-17446562266306.135,-21965581739709.953
-29460865473005.098,-6743867981593.5596,-9304272653032.6543
-19722856139076.004,-13529747980941.984,-25056382566652.043
-18626240562953.234,-7366088116571.9238,-30706302144319.809
-25161590768782.789,-16847880196125.049,-17387116762400.225
-26303785946508.383,-7455977804894.9736,-10403004195045.246
-9068660714158.4902,-37997554423471.352,892250965919.72839
-11603697801380.623,-17962810140084.93,-14394581334725.469
-11372429198957.871,-28647155436559.387,-21547353124015.082
-11698203774274.178,-18061647693605.969,-12664905651071.791
-10342115863123.189,-33020204229061.332,-18038488081665.398
-12019396747838.947,-16115099926669.953,-15524116239130.455
-10302888609962.414,-35207713587393.523,-5967185721595.3516
-11888790694393.445,-17709425338614.609,-12640341940533.461
-9136117710551.9023,29313637008390.562,-20538133046864.59
-9736202486298.0078,26537963151637.75,-12644480443368.227
-9750419933548.0996,24307696499344.547,-23715649233772.59
-12379972551954.055,21589402618578.535,-14538268205666.432
-11276688051581.752,12361550991326.928,-32223963707286.594
-12785674628340.439,20891789751209.605,-15658446242718.146
-9865636227758.0137,28446336075556.5,-22177757441917.176
-12225958223212.43,18605851916899.879,-15230245267136.055
-13591419388067.943,-7445925927480.0684,-29499239445131.426
-14092725551594.426,-443567629229.86951,-16545028398323.139
-14593699874879.473,-8140518813824.0283,-33247916120871.816
-13901339991785.365,-888713074660.02368,-17705582905472.547
-11269024214344.852,-19871336115077.867,-25324477011797.172
-14560444866806.371,128003511611.79202,-18776248960804.359
-15475299022954.52,-9164865330408.0527,-29878777276647.047
-13928374239862.635,-1316118271645.5356,-18957910884763.188
-16922729310229.213,-6376812286658.0371,-28685996396377.941
-16914912134593.078,-1815931517750.0796,-15814895903584.393
-16790554794976.18,-7200924672120.4912,-29398671648564.633
-15599479356213.0,-3931426887529.9146,-16790452175830.404
-14916431844078.998,-5876655105730.627,-32191225274017.168
-16147401344538.479,-1097382370101.7831,-15475024453438.082
-16971275691733.131,-5981240916501.9307,-25839018760503.961
-15857855505706.182,-2499942807222.5239,-12494543130641.898
36311008331141.492,-11441279122304.178,941459197990.44666
41639612021518.695,14952729975442.072,-21415693129846.223
37009430029336.125,31556225795385.172,-6853179419666.7773
42686728998526.516,14360691247069.354,-20010957192141.258
35940618735791.602,21551106738714.703,-8143261605402.6104
37924571619528.57,-14523393681194.627,-8637464699445.9004
37960467585022.469,14805663988435.119,-9235497715579.3555
40672307053508.234,35403277867045.125,19577790644063.422
37503894598620.961,28798502544418.113,18558334175040.715
44739781195766.008,47563632230019.125,9235595877741.4785
40674249484882.344,45893018692193.719,18325362268773.258
46189523813313.109,45740813960091.273,6218608722421.0352
40240706497705.07,42729507669106.172,15118594613579.879
41099161044385.578,33882400451122.801,20780318471095.555
40404737162402.633,39675634219536.18,19732902362077.465
31513313558409.977,25057789668204.203,-7699964226177.752
28416039752834.809,22424570219865.863,2809148339670.2266
36242480377780.852,25108598437976.422,-13001142663045.963
28560597436922.543,26793776777840.566,939754506114.65515
37592441204701.992,32851046521706.363,-6407254942886.1543
27550306596564.07,24300351748807.461,-164278111951.90891
32063765632607.508,32788861775021.133,-9067591276484.7949
28397743683997.121,26162874746186.195,1226049048352.7644
24403254541947.82,29704961521532.016,-7862515793988.3018
25091232162284.434,46136671766171.75,9563288617598.5781
34630069029236.137,30722070045570.945,-12005923578725.674
33489972492017.98,44342779132670.812,2136962596351.1697
36485650940371.75,24987818763716.621,-16112096862139.256
33573060781139.328,34000347436423.938,-2612135461112.4189
27278566481971.641,47720672070767.727,-546134779644.60626
31722345130808.562,44536550417239.977,3971570031717.8784
40088349192866.297,2339667068222.7173,9050656547959.9727
49258040605451.727,-13333196230571.59,-23707797875323.918
48329251437416.039,-36403600710079.172,-12258940278898.596
50163540558186.938,-14093782188361.533,-23980300464256.301
49184601193569.969,-36087985350931.555,-19634075110088.312
50376613755237.031,-15778264038664.586,-22578279490329.07
47892022345700.609,-37278567202180.492,-6920690060226.1582
50378695880231.07,-14799886002181.881,-24638077351982.258
53857591563343.188,-19234837291238.148,-39543319424960.344
53020261299348.727,-20904860942404.812,-10142720129634.811
53766037665485.422,-13912805235896.885,-41839559494042.812
52213008765916.5,-22119115896629.352,-5873343084101.2998
52998521249272.492,-16054112202733.648,-41202724802545.836
52967050518569.789,-21408041473319.172,-11134361434862.082
52983585466580.328,-5756838457439.9385,-41368512931822.539
52344621952155.969,-21648871126126.285,-7023974828115.6641
45707135267676.008,-34244015771901.664,-18434763993966.039
47040653345532.492,-21419181861359.422,-14099740816484.922
49058809499936.273,-11289084924210.656,-45524044501653.961
47311500684854.234,-18780976694468.617,-18497737273538.598
50195532179139.445,-17825923826038.012,-44587645783254.227
45489917257966.922,-16985466422285.689,-17921635565352.18
45760973096022.555,-17984048272288.969,-36307331494889.609
47056308051134.195,-20380356847972.883,-15960099768440.184
49550592809648.227,-36980182871263.258,-26897168346036.766
50351243710728.617,-40851280985975.148,-2439151347052.1401
49388211095693.32,-30275959585780.402,-37277270008225.555
50567223879242.883,-41601406302582.469,-3448069456356.4712
49758787598966.023,-23236756984186.98,-44245608475116.531
50593188740691.438,-41106806688053.141,-5762019745577.7129
49326084837840.93,-32837464166170.133,-33915786673972.852
50302228844199.219,-41326870622381.906,-2661573998495.2905
55303738347567.883,-26321973102380.898,20910701928031.02
49020387925251.555,-15636604293159.871,27877733624897.223
55065529258979.812,-15896642653639.486,10563331053834.762
50424995387552.453,-16891563463887.201,26331354185704.551
57847528251287.18,-7180454730057.5234,-4135224229335.0576
51400522957535.328,-15410628063031.756,21281614254639.488
53960071607746.211,-26112697454343.043,27051140254133.742
52218975662579.961,-13520666968383.766,13314058460725.898
49266097803778.445,27655928541940.777,13687047758952.619
48548741124861.188,17006825076416.846,11557845864837.928
49592941302817.516,27982235091461.172,14808325264866.316
48161174730664.578,22621012695316.504,12082570806460.365
49405073810896.914,28177691513142.543,17207932799845.861
49009637380592.945,21907760912725.117,9261368734859.918
50197622205882.852,29536264498390.484,14555197618273.525
50033476427493.492,23702140843518.066,9404511891531.7812
54710361777431.859,4153748000495.5386,-8427756629372.8887
46463104126255.031,-7657627741521.1846,10111088571065.289
51562347935464.062,23829102132646.672,5727083413223.1846
47143486281819.844,10800325345028.43,6885365321221.9531
52754411301477.828,19348636197792.793,1574353461744.2607
48123688772090.648,-4045251457545.3232,5716909918996.3057
54102188434557.367,9893927084853.1699,-6526565872107.7354
48816522356735.008,266439385568.71991,279880521999.36469
55971958850153.008,-5089146652077.3623,-14065957558130.51
50576589767813.852,-12818723388105.611,13577707510516.777
56416291418477.547,3657229607504.7563,-13961716929162.344
51257399129866.984,16938342848946.775,3522970073056.6021
55915179092831.93,6361362721841.083,-13975990532777.055
53617949161886.43,-741013980208.3739,-1146592096614.6311
55949924923085.578,-7840103424546.0312,-15319087166234.441
52338597114185.477,-3627886483778.3872,2197324185159.5195
18583656191588.594,-39299865949642.93,58363731196963.609
19267897053000.434,-47591350314462.094,59769678511059.953
20932614633854.324,-57267953228382.695,60007974412452.867
18212434764269.316,-52141305422911.312,55716714767949.203
20110841563330.297,-52369239969619.375,61188785033845.32
17952161182557.316,-52718638444338.406,59866015053350.234
19333135145288.844,-51701303164290.102,61746608407358.992
23050543569533.355,65270695591957.188,30745007226753.684
20762562796726.008,67957240836267.867,29563783600331.434
24185383810294.508,74533949756912.219,17962506473692.625
20542439142981.25,69108508941779.719,23614337023715.145
23716902583229.824,66018817351814.508,3894613927861.3994
21495336076635.613,77048212703327.375,23118130045301.531
24189252595266.031,67255276203593.875,31640766799779.602
22152286203775.848,73370367387420.219,29178146337310.02
26685550182283.961,5246792978644.4746,-41558028207883.305
24024774855116.062,-1696114292159.189,-21465634364682.547
27815316676737.508,-10785868792356.609,-45347781031534.852
23985329639789.418,227633565371.22824,-23345824851251.973
27292124878680.625,-950288149681.46326,-48751863730434.258
24293463858914.059,3174740740837.2837,-23732064225882.859
24907643163514.109,21727745428339.43,-39866276902301.016
24436138418876.352,461750586941.95233,-23840725175638.387
22564195873202.133,-5351094810917.5732,-43952682860619.32
39714063112768.82,744989090431.92358,192271000788.42529
24178513097307.254,299808182985.29608,-47344597512476.688
21104143782812.43,-4595159466796.9268,-32402762433460.016
26421663124384.488,-12216442397069.582,-43748122801233.977
20371794172214.699,-2714246328227.0166,-31748682573652.105
30779893345211.734,12741143609041.648,-32879703417190.09
20373849130957.582,-3596440661832.2817,-30945527920718.633
-53589644802479.789,-40895313895967.43,15917019429789.074
-43536818060573.195,-44375166608980.234,33790250782786.148
36036966063394.703,2492801167917.2832,10909653272232.721
-53361299097608.945,-44657268706451.461,16625936561186.572
-62913221380596.164,-49832985493168.312,14285852641967.041
-46123989128426.531,-45154677433775.992,29763749485709.594
-59291999944482.547,-53258055188263.484,17365695202042.633
-47182271265717.32,-45902053744746.539,29617875678677.07
-60587355752520.438,34275452964629.812,5123319405290.5049
-54014197805913.234,26600425578750.113,5206419473369.7969
-55780821360245.508,19973093319016.066,-231542709892.86447
-64241184730949.617,19206847305541.578,-9229350520121.0234
-54915727061188.852,29910020951419.062,5366918832089.3672
-54727339426645.891,25097615778519.516,3707335013118.0635
-71537692233127.547,-42747568652828.688,-10875106860654.674
-59285037423927.125,-36521567658854.742,5108240885070.7705
-76208713141678.203,-45657148665509.297,-10909062377237.049
-64907706167742.32,-34467721134901.891,-2228840547904.1748
-81372784596312.141,-36118642423776.68,-21487859173215.949
-61634337003623.617,-37201872068643.742,5796184627749.7656
-74877219123340.172,-44225403454348.219,-14239621024683.486
-66029272069291.141,-33863766375882.062,-1410021991492.4417
-89667007541887.703,-18645671806161.016,-7188055454164.4902
-76630352888038.938,-35155553885338.742,13631792013976.484
-96583083527408.562,-31927120920085.922,-8010491138520.415
-78778367435990.547,-30610194452553.555,3373997366185.8926
-88989319200862.734,-38019268595284.57,-9704037291775.2598
-78252625137864.781,-33953801575824.574,7911223118118.8223
-90680976372368.344,-32582562620630.715,-12376889175442.439
-71097200093515.203,-37701825638183.305,18800904402295.684
