0.0099392313025345146
0.0071078213061685405
0.0056431224419152912
-0.0037494787988996969
-0.0071228544581957084
-0.0054513935768804433
0.0050093381249711839
-0.017207258358437033
0.0021268594977799683
0.004890161607849974
0.0022571795105927831
-0.0036008524722625896
-0.025685023148180389
-0.019138100866968624
-0.009163386031033352
-0.022335906021290684
0.011692689537456637
0.0029821762058456062
0.013148956344536417
-0.020820957263895642
-0.01948549169389608
-0.0045661743846015113
-0.0066855377502754833
-0.020867055986730321
0.0022953995724021596
0.013236078060792059
0.0045440452024345023
-0.0012510558589311797
0.017841644242767022
0.005082886076738409
0.0087367243714975909
-0.00017507863462578525
0.01531289040157854
0.022256674888218517
-0.016761840854753098
0.014872306176758044
-0.015486232920311283
-0.0074483087647963329
-0.014478563004654752
-0.0056648715500981226
0.0043788936462395714
-0.0018024611722712049
-0.010661763957175699
0.0128644747300415
0.004759461760530566
0.0023891410906473572
-0.013343401547696183
-0.0012483742169487305
0.0034457035568128606
-0.0023756977503650652
-0.0023231950903805439
-0.011440516475603735
-0.0039413953782173926
-0.0031906717772970379
0.0076684480438411699
0.010362004300846349
-0.0043629162966141452
-0.0004869304310781029
0.0069391690435668205
0.0075831219178964871
-0.003623978914676397
0.0051783744682297132
0.013101281516610601
0.0049284097796755445
-0.0025094232771159307
0.0032263575482223087
0.00072012665872184006
-0.0073237107822209189
0.0037202741822353509
-0.0050527821861308612
-0.0049923165959645582
0.0019261796416402417
0.0029963264478251972
0.0062919542476775224
-0.013151600740053391
0.0028422875527309372
-0.01256793915014477
0.0033321568599955155
0.0090266075906952816
-0.0081151914788601519
0.011671422931449621
-0.0020686069934903856
0.002616158709487918
0.0043519733444291817
0.0033187978367216638
-0.0089289269089501411
-0.0010712405055835056
9.4316762950921932e-05
0.00049655469377771699
0.0014287746349898357
0.0092956074693119235
-0.0054958852327728659
0.0081334474326053494
0.0037307573489915352
0.00047682297311840667
0.00062033775815597051
-0.002070516593303436
0.0055885439981367725
0.0064359219415213572
0.004424692195475928
0.0029592825528449887
0.0019820522386666422
-0.010194041070565353
0.0037701364556415855
-0.00051447122109533146
0.0091764069699334164
0.0037768799838655011
0.0052542828314716006
0.005023304839214043
-0.010942483130880924
-0.0092822889793069217
0.00070909336517857525
-0.0025327486981057512
-0.0016106596644559377
0.0022439828623121629
-0.0025118251215967705
-0.00085027004283701592
-0.0034482490490546128
0.0010174665543721557
-0.0035330360271522278
-0.01018877506418786
-0.002163200744909177
-0.0025299520967076699
0.00069691949753114145
-0.0030879341171706353
-0.0048706692064597436
-0.00022187877503882571
-0.00066957658424467961
-0.001222659338569292
0.0027790849512376609
0.0024735768727008581
-0.0041361709377014848
-0.0038408175500656313
-0.0065979678264397384
0.00073717985526844105
-0.00022061104109365664
-0.00055294891041350938
-0.00047951310147869203
0.0014748539169642915
-0.0024728387790632226
0.0026640103451703624
0.0019311326860005052
-0.00077670964967031526
-0.00046990784281607375
-0.0075536422024316437
-0.0028220753614272773
0.0018194239908369881
-0.0044747173909170943
-0.0084368903491982405
0.0012973610086727694
0.0028816015419931475
-0.012680538079115376
-0.0035213683849192037
0.0052248437308381824
-0.0080500489129973832
-0.0032610246954482384
0.003629154516595142
-0.00096155970678914627
0.011772970879606569
-0.002300508193158204
-0.002656673042157478
-0.0032629125996087699
0.0042507597942313151
0.0049574964603679951
-0.0031682210990754754
-0.0028046512215924328
-0.00059108256477778914
0.0052611236830165864
0.0053381467560761906
0.0028113083379681866
0.0086058312658524195
0.0031032898401495866
-0.001370976798830463
0.0075853404084888889
-0.00064921574637698232
0.0015800069409319
0.0010432627613923182
-0.00078676166673796169
7.1473776035770677e-05
0.0016230814967287319
-0.0014330603650964501
0.00019271008970780579
0.0078330925533571169
-0.0047376795352539903
0.003359872889626751
0.00059797878704994235
0.0036250485250062282
0.0045792558123178683
-0.0013510499176138013
-0.00061496171097939615
-0.00091686652360339481
-0.0035949842543986673
0.0020387247791898333
0.0018426764989289486
-0.00057564520236028777
0.0001300757242122337
-0.0003653896302048714
-0.0024842757098554832
0.0012614032749997438
-0.0039912484843882103
-0.002231827058307522
0.0024328994022558155
0.003835333084930601
-0.0086505612876523839
-0.00026077475419990719
0.0020637288072908166
-0.0010213171508270075
-0.0028785093408570652
-0.0019949221411550639
-7.7297714255553982e-05
0.0059423149354864632
-0.0018483157812843021
-0.0021222362762984563
0.0014591316632684744
-0.0039214187299856087
0.0010608712742247218
-0.00016020187240673139
-0.0057505263916494218
-0.00063891036798372272
-0.0039484625705717607
0.0057819909425672221
-0.0019100245202005183
-0.0019570904552128395
-0.0012431248296091962
0.0045246774455727718
-0.00028021202563271606
0.0043596712218242377
-0.0022982671123540424
0.0034271124409358377
-0.0019279959185474376
0.0036444587934646722
-0.00047623769392472721
-0.0051292596268014013
-0.0073636976351714196
-0.0036085178211598071
-0.0086906383946295847
0.0061251671235614206
-0.0058109926339112074
0.0061830754560880021
0.0062254170747968072
-0.0074807433874072831
-0.0010015871364322214
0.0020906473470605606
-0.0020848196688924361
-0.0052363036759408375
-0.001683384840033144
0.0041981312848741207
0.0063350812147877304
0.0054310737840954342
0.0029171474308545527
0.0044160071074971132
0.0044170194952156639
-0.0052391414883083687
0.0023114081962068295
-0.0017523509899206779
0.002543293458245219
0.0009654940048768987
-0.0027277160888534617
0.0024752020441851305
-0.00044210397839995367
3.3437962476322158e-05
0.00026466895661312522
-0.0011878731041187283
-0.0042182388117207696
0.0047861817691398009
-0.0022993807766118076
0.0024408574673463164
0.0012095902281748217
0.002998670357063693
0.0047273046538759697
0.0017854607144397461
-0.00085680420480946091
-0.0048179856141028748
9.478350933983534e-05
0.0014449553077751495
0.0075015674024122179
0.00026449054416716742
-0.0039117915253951583
-0.0023499087449735008
-0.0028650902497972387
0.00078606969409958111
-0.00585849631185588
0.0018708782779598601
-0.0014868628456831897
0.0025858992631275783
-0.0056079455046894365
-0.00066208858209621847
-0.0042346891072139311
-0.00078171993857811079
-0.00034243161953651587
0.0020615374335944069
-0.0010590887398319244
-0.0021776204494344275
0.0028125438831867718
-0.007344797858761274
-0.0018957445387382526
0.0033296659147400132
-0.0021306295990682592
-0.0013985787051721357
-0.0026000132560087329
-0.0032228809230588663
-0.0042239516559240678
-0.0055894271743148994
0.00062381495593100611
-0.0044279441166200275
0.0022475673294094886
0.0017740586026225283
0.0028856906404272601
0.0023448517784011207
0.0043884137564707175
4.2309483490887264e-05
-0.0004327764509117642
0.0060163439412548947
-0.0028503352398524511
0.0079700401182948473
-0.0050874025710451179
-0.0074279319637374237
0.00057150264063504685
-0.00023627560229492049
0.0028731502282376372
0.0011941306885846481
0.006016509925408647
0.0076740253477509011
0.00095760730177878346
0.0010770308200422629
0.00013664162424864925
0.0026863173862335743
0.0042561935088223611
0.0029427600644773276
-0.0030158473754267425
-0.0058223224191036429
-0.0023583848602765595
0.0043762871324521642
0.004428705621484369
-0.0038032290511500334
-0.0012428809478639976
0.0005798798442704611
-0.0043567865305028184
0.0075173884026581688
0.0033760508321922073
-0.00039258637376258842
0.002697244359007782
0.0016321374771812766
0.0064088203059114966
-0.006372787616280403
0.0049286850721189743
-0.0030497258756984999
-0.00159864917377355
0.0027550481102164401
-0.0116674468478697
-0.01225886575915516
0.0059208503117780262
-0.0022086936985755657
0.0049302221987575865
-0.0036906404241132066
0.0027167295387833948
0.0010189335924763805
9.3110846019521225e-05
0.0012581474785561895
0.00059468866204597339
-0.0018254864477281981
-0.00015326068943680477
0.00037645208086083918
0.011627625818176335
0.0038019788898199926
0.0089755494719831932
-0.0030792155124950149
-0.0047635133637411514
-0.0072859021793356699
0.0047179062950232784
0.0035468089365820587
0.0039671944920240607
-0.0024011213641305404
-0.0062741544222874677
-0.0023841238384997472
-0.0024676904284934983
-0.0026864508434307896
0.005820087280474096
0.0091171523191950592
0.0030908449567201017
-0.00083057502772330299
0.0091559896548027396
0.009891678069313797
0.019526987144801687
-0.0042026976850340573
0.0057855167737188955
-0.0026979352880175042
0.0076638159120362712
0.0018186909895985363
-0.00090803155385632604
0.00042926742570229871
-0.0073390999095133188
-0.005899421931440209
0.010256878073266118
-0.0035126980748625019
-0.0026387556414176143
-0.0079571071727575302
-0.00089293128297026128
0.0015232283593460112
-0.0049989211742896451
-0.002127058235768013
-0.0012194060288169121
0.0044382991094707204
0.0049100846085550201
-0.0034824440244706342
0.0085606588995629229
0.0029615835539573304
-0.00026177978082258011
-0.0075482550901627837
-0.00030851272186046511
0.0010197146117263379
0.0046922342245360859
0.0013056447732071761
-0.004969626203558378
-0.0055192550063086071
-0.0024435092249275939
-0.0060590370345986388
-0.0060254328884674115
0.0024167651500416531
0.00050642804976171857
1.6199477639727119e-05
-3.4909936955730965e-05
0.008386380327523946
-0.0032119994861033278
0.011937225678820194
-0.012278103866708632
0.0046217294228066783
0.0027990456712557589
0.0011284047762082599
-0.015301713046149565
-0.0033525685667327352
0.00039677910598172561
-0.0067251196606598592
0.0086678977672769112
0.0016427665291790516
-0.013343118664168171
0.0017901971282397052
0.0005744278261232363
0.0030614258043432968
0.0079691391817697365
0.0094694479897553703
-0.0068732460362935987
0.0090352195285408402
0.0028927420712993768
0.0078498739395700453
0.0013592442875796792
-0.0025601172189672547
-0.0094656926935187142
-0.01773396959053055
-0.00701057448204813
-0.0049070617078777337
-0.0074844583323888355
-0.0033870748911808421
-0.0026685396471048586
-0.0044667987469512033
0.0021904497815924081
0.0048287199287198272
-0.0032830145748816196
0.0066301557373571436
0.0007506348400868006
0.0012387623546526304
-0.00051597257476009202
0.00038646739878040565
0.0024420889575477375
-0.010878067828718864
0.0049587712040656349
0.00051002584509663546
-0.002035871990511405
-0.00012962959468212215
-0.0014771878912279374
0.0062730468213943466
0.0040726103396304097
-0.006813271960989891
0.025169188545583625
-0.0032962147424486252
-0.00088765036024365676
0.002134060900689507
-0.0078444694355362925
0.0051035352547807878
-0.0026677073339764993
0.0033872695674047769
0.011805771190508491
-0.013233936557532376
0.0098280395523529882
-0.015637850799562293
0.0037716439155137242
-0.0064260623539580414
0.002906533174089039
-0.0025769166270100453
0.0029743412248849133
0.0023239479592264884
-0.009492693407772302
-0.004725207554110834
0.0043695580518885177
0.0022003025870506307
0.0015163440654046678
0.001022829494868686
0.00095569686150333256
-0.0075572699719091141
0.0026750965049823373
0.010956251001431546
0.0011994179745568566
-0.0024778596776691988
-0.0036208463884499125
0.0028030745662418616
-0.0040259749530133235
0.0052050030669637346
-0.00063855735831012895
0.0088273942104751466
0.008148299461444632
0.0078300620840254798
0.012226007650712835
-0.0075307260969417955
0.0012464564028854782
-0.0040181136158943748
0.0032053131474861132
0.0020331736463791027
0.0054498674887276657
-0.010406246118315979
0.012855287736794421
-0.0070572101214752148
-0.0039352565144288388
0.0039272323432764369
0.0041130415920090273
-0.0013661324148221349
-6.3719760592456439e-05
7.7883732932482392e-05
0.0014624233292979091
-7.34908354830297e-05
-0.0091252446317839821
0.0040452461533322607
-0.0057863284822036792
0.012156671865876748
-0.0037991293651758119
-0.0048015506094263765
0.0069516009856655479
0.0036945280761611072
0.0015918309037122604
-0.0025740337844320001
-0.0058057647563231809
0.0033462281848274729
0.0046179562646552572
-0.0048426964080530571
0.0051855858192730985
-0.0021469753867756828
-0.0039052985728682374
-0.0036624156396351604
-0.0031728077917365237
0.0044837324357417541
0.002820051614380324
0.0038808055655047365
-0.0094998742840495566
-0.0059057722907197375
-0.0037679534385811502
-0.0075388213123109603
-0.00086793950599904689
-0.0064129918926893823
0.01170128195829033
0.0024438460530561315
-9.5472405990711722e-05
0.00061687483134909916
-0.0032390394204840863
0.00027545251666229891
0.0025739682893697519
-0.00055263725992128363
0.0038783223993371389
0.00010817619209594043
-0.0048620192070832867
0.0057934694822417022
0.0024455926883448316
-0.001245363325837591
-0.001476553478151225
-0.0045238285303882122
-0.0062087602272946681
-0.00037265230008503908
0.002986026990668984
-0.00061845516124828075
0.0049363759623272489
0.002295445301988793
0.0022003228168773832
0.0022786312748548348
-0.003292218289639309
-0.0041003436605985561
6.4016867611982561e-05
0.0050979778141847206
0.0038270531410631
-0.0016177304238615138
-7.0755874617992325e-05
-0.0026321646996977205
0.0065754448302933555
-0.0050870403374210166
0.0005135553056958488
0.00556387685814827
-0.0008600869669350092
-0.0009122031027565113
-0.0055564691598857692
-0.0054918747649727829
0.0031016764511498404
0.0037979452998952072
-0.0036043764093075174
-0.0076556077074309793
0.0066209697352723968
-0.015086794602372399
-0.0004824610619806417
-0.0014869910771899493
0.0059726379411816745
-0.018751936422981594
0.0012480825938776024
0.018448611924309095
0.012631991414797841
0.0023667942170475932
-0.0032557962685978827
0.0074958445865647956
-0.014583153000638461
0.0081000846200550286
-0.0021020867327277968
0.01014870427552622
-0.0027540527926031688
0.015255328737615625
-0.0081221005830739591
0.020655209222854378
-0.002028144064588669
-5.9802952942857844e-05
0.0063025132195070671
-0.0030467977836573083
0.00071489516994986137
0.0055213635105213748
-0.00054723431678962455
0.002130159129773625
0.0020547895329770887
0.0020547895329770887
0.0038159458522456142
0.0030696896608432881
0.00071391632282472484
0.00071391632282472484
0.0016371034076125431
0.0016371034076125431
-0.005828335085947523
0.0046484105753605218
-0.001554791667569763
-0.001554791667569763
0.00079309965422063721
0.00079309965422063721
-0.00090965086169316172
-0.00090965086169316172
0.0022626150355043182
0.0022626150355043182
0.0032529080598058349
0.0032529080598058349
-0.00075495929814603892
-0.00075495929814603892
4.096480420238626e-05
4.096480420238626e-05
0.0040425783934760788
-0.0016497904718002906
-0.0016497904718002906
0.0029469089005687054
0.0029469089005687054
-0.0055314875817552688
-0.0055314875817552688
0.0026912788845747048
0.0026912788845747048
-0.0010916727810612371
-0.0010916727810612371
0.00014679199123706455
0.0072376926623953864
-0.0046019993910757298
-0.0030951000761005416
-0.0013042641680012842
-0.0013042641680012842
-0.0022132372179314444
-0.0022132372179314444
0.0018278931031277155
0.0018278931031277155
-0.00087905863742636283
0.0005954736912951392
0.0005954736912951392
-0.002003074956781222
-0.002003074956781222
0.0007952828995554242
0.0007952828995554242
-0.001606779817203261
-0.001606779817203261
0.0015158598338736676
-0.00055827813126082474
0.0021959251738986139
0.0021959251738986139
-0.0051706350245036932
-0.0051706350245036932
-0.004515686849584576
0.0013681389813780143
0.0013681389813780143
8.352060340141469e-05
8.352060340141469e-05
-0.00074864802029670234
0.00032131617044975185
0.00032131617044975185
0.00063780466129827336
0.00063780466129827336
0.0027184887121146626
0.0026131895354904833
0.0026131895354904833
0.0041727529665863015
0.0041727529665863015
0.0050106184087564815
0.0050106184087564815
0.002151752496737591
0.002151752496737591
-0.0062107285820013894
-0.0062107285820013894
-0.0014744960355712159
-0.0014744960355712159
0.00072656207897459286
0.00072656207897459286
0.0013508251659797175
0.0013508251659797175
2.3396818731763532e-05
2.3396818731763532e-05
-0.002755806893035043
-0.002755806893035043
-0.0048075081752231583
-0.0048075081752231583
-0.0031354381327467528
-0.0031354381327467528
0.00044992416417978401
0.00044992416417978401
-0.0055981980527993981
0.0014693997577962538
0.0014693997577962538
0.0037368069099970366
0.0037368069099970366
-0.0040605533085808403
0.0022318740011344675
0.0022318740011344675
0.0065181402782081115
0.0065181402782081115
-0.0012583051239516048
-0.0012583051239516048
-0.0048799017312059993
-0.0048799017312059993
0.0024086901974417702
0.0024086901974417702
-0.0015473379888840564
-0.0015473379888840564
0.0019475166271990547
0.0025576265330861975
0.0025576265330861975
0.0050274271507722481
0.0050274271507722481
0.0011104421546313096
0.0011104421546313096
0.0023478480288502026
0.0023478480288502026
0.0015153916228162899
0.0015153916228162899
-0.0054443536142627213
-0.0054443536142627213
-0.0037734295617259197
-0.0037734295617259197
0.0013406084588686576
0.0013406084588686576
-0.0004120725950496784
-0.0004120725950496784
0.00097808920458280612
0.00097808920458280612
-0.00040205532630746506
-0.00040205532630746506
0.0020030893739084541
0.0020030893739084541
0.00042729360039959184
7.1767527757459187e-05
7.1767527757459187e-05
0.0019898704679239326
0.0019898704679239326
0.0019944986917119559
0.0019944986917119559
-0.0019519665032334981
-0.0019519665032334981
-0.00026518283540775869
-0.00026518283540775869
0.0037432050199309708
0.0037432050199309708
-4.5005877947664865e-05
-4.5005877947664865e-05
0.0048727012272795286
0.0048727012272795286
0.00058930640665111691
0.00058930640665111691
0.0018121911216679972
0.0018121911216679972
-0.0027256332053139532
-0.0027256332053139532
0.00069680831494387018
0.00069680831494387018
-0.00028451951821050039
-0.0029419663642555093
-0.0029419663642555093
0.0015920406300609985
0.0015920406300609985
-0.0014023081553506569
-0.0014023081553506569
-0.0084938866644841578
-0.0084938866644841578
-0.00092397378844458796
-0.00092397378844458796
0.002882954645775268
0.002882954645775268
-0.0011724350465259642
-0.0011724350465259642
-0.00069719673037678474
0.0034534099774151438
0.0034534099774151438
-0.0016614599995369828
-0.0016614599995369828
0.0072433984709053441
0.0072433984709053441
0.00069575256412575891
0.00069575256412575891
0.001680672067577433
0.001680672067577433
-0.00083373044763651854
-0.00083373044763651854
-0.0023045789717205593
-0.0023045789717205593
-0.00026685013734724817
-0.00026685013734724817
-0.00097060723082066603
-0.00097060723082066603
0.0019627473009882408
0.0019627473009882408
-0.0016961757708064578
-8.9537715965139897e-05
0.0062355510147814597
0.0062355510147814597
0.00031665619831910106
0.00031665619831910106
-0.0019186321824313697
-0.0019186321824313697
0.0028270213076457191
-0.0033281580888479541
-0.0033281580888479541
-0.0013591169220806059
-0.0013591169220806059
0.0022761193466991339
0.0022761193466991339
-0.0023960483423753659
0.00091230441903424238
0.00091230441903424238
-0.0018954417074093315
-0.0018954417074093315
-0.003559509358751069
-0.003559509358751069
0.00097505197129337841
0.00097505197129337841
0.0010882519014474542
0.0010882519014474542
-6.1489676782063653e-05
-6.1489676782063653e-05
0.002468519274178091
0.002468519274178091
0.001767230350698569
0.001767230350698569
-0.00072336139423013622
-0.00072336139423013622
-0.00017323616273472129
-0.00017323616273472129
0.0019478486942027173
0.0019478486942027173
-0.005335865035619905
-0.005335865035619905
-0.0016210210896344885
-0.0016210210896344885
-0.0016721512572890715
-0.0016721512572890715
-0.0004575860135860115
-0.0004575860135860115
0.0035745588368768354
0.0035745588368768354
-0.0041772518169355538
-0.0041772518169355538
0.0029292894999316458
0.0029292894999316458
0.0020556539301795147
0.0020556539301795147
-0.0040779882070407329
-0.0040779882070407329
-4.4129932226900902e-05
-4.4129932226900902e-05
-0.00087108229972456203
-0.00087108229972456203
0.0034934282158375681
0.0034934282158375681
-0.001834390863677253
-0.0011339250221139947
-0.0011339250221139947
-0.00044122743589463618
-0.00044122743589463618
-7.9001560353435404e-05
-7.9001560353435404e-05
-0.0032961276562103233
-0.0032961276562103233
0.00054327381211454113
0.00054327381211454113
0.0014916401634193291
-0.00074216324081496899
-0.00074216324081496899
-0.0011724870074024244
-0.0011724870074024244
0.0035959322643915981
0.0035959322643915981
0.0025037232425186066
0.0025037232425186066
0.002078652237847436
0.002078652237847436
-0.0027877497100630946
-0.0027877497100630946
-0.00047255518360435008
-0.00047255518360435008
0.0021296492805139549
0.0021296492805139549
0.0017506980430898739
0.0017506980430898739
-0.0051048124646080701
0.00028765569839930892
0.00028765569839930892
0.0032968211469915488
0.0032968211469915488
-0.00010644759449227845
-0.00010644759449227845
0.0020506890172742489
0.0020506890172742489
-0.0013200046033361953
-0.0013200046033361953
-0.00023675203558079142
-0.00023675203558079142
0.0032469338165130824
0.0032469338165130824
0.0024965446891835963
0.0024965446891835963
-0.0012847601504845775
-0.0012847601504845775
-0.00079463107566648866
-0.00079463107566648866
-0.00036535053534065691
-0.00036535053534065691
0.0016067784917382631
0.0016067784917382631
0.0010678664881962022
0.0015737613900516723
0.0015737613900516723
-0.0029086708448773572
-0.0029086708448773572
0.0044287863344121565
-0.00049941556368613023
-0.00049941556368613023
-0.0021705751728842734
-0.0021705751728842734
0.0007616139388250887
0.00020779755041364575
0.00020779755041364575
0.0044216696557423558
0.0044216696557423558
0.00064389137637464603
0.00064389137637464603
-0.0013805451016098138
-0.0013805451016098138
-0.0019097215363192458
-0.0019097215363192458
0.0043204848751277085
0.0027404808930417404
0.0027404808930417404
-0.0032632660427979032
-0.0032632660427979032
-0.0015694296129600798
-0.0015694296129600798
-0.0013466598612234251
-0.0013466598612234251
-0.003727862931095617
-0.003727862931095617
-0.00071914165736273713
-0.00071914165736273713
0.0025912924393913118
0.0025912924393913118
-0.0015065380546683766
-0.0010794828093630014
-0.0010794828093630014
-0.000769322618876074
-0.000769322618876074
-0.00092862803414001148
-0.00092862803414001148
0.0026765672760167714
0.0026765672760167714
0.0029334343292342856
0.0029334343292342856
-0.0024591227065881372
-0.0024591227065881372
-0.0010283380918287288
-0.0010283380918287288
-0.00052463903670403622
-0.00052463903670403622
-0.0038697120603264487
-0.0038697120603264487
-0.00030971204044862965
-0.00030971204044862965
-0.00044160432597674403
-0.00044160432597674403
0.00067331486455405611
0.00067331486455405611
0.0027987069727455419
0.0027987069727455419
0.0038319349106658738
0.0038319349106658738
0.0030711144481837083
0.0008581135043337735
0.0008581135043337735
-0.0019160033609491756
-0.0019160033609491756
0.0033898855899632484
0.0033898855899632484
0.0027352156533671994
0.0027352156533671994
-0.0016713309920809642
-0.0016713309920809642
0.0013314517877173442
0.0013314517877173442
-0.001226486715631088
-0.001226486715631088
-0.0026669656860392344
-0.0026669656860392344
-0.0016730605748106074
-0.0016730605748106074
-0.0012191976250074052
0.00112025551147006
0.00112025551147006
0.005343343425655349
0.005343343425655349
-0.00080494283674715432
-0.00080494283674715432
-0.00088473614166444646
-0.00088473614166444646
-0.00167892336935726
-0.00167892336935726
0.0015830914331635667
0.0015830914331635667
0.0018265896677441651
0.0018265896677441651
0.00023043055003429556
0.00023043055003429556
0.0072672595724577304
-0.003748756872913696
-0.003748756872913696
-0.0017523715714483367
-0.0017523715714483367
-3.6107368505617763e-05
-3.6107368505617763e-05
0.0012319756859199532
0.0012319756859199532
0.0036826222151946503
0.0036826222151946503
-0.00094511104267167706
-0.00094511104267167706
0.0027386541627709396
0.0027386541627709396
-0.0021866580059966305
-0.0021866580059966305
-0.0015598993287826775
-0.0015598993287826775
-0.00019636151386711407
-0.00019636151386711407
0.0002078692218351641
0.0002078692218351641
0.0039517399653740768
0.0039517399653740768
0.0041469006701105255
0.0041469006701105255
-0.00067043405189058376
-0.00067043405189058376
0.0055401368798359343
0.0055401368798359343
-0.00057630490594951021
-0.00057630490594951021
-0.00039712842428571687
-0.00039712842428571687
-0.0016530213200932689
-0.0016530213200932689
-0.0014614676934301483
-0.0014614676934301483
0.00020761581043711675
0.00020761581043711675
2.6483536935473216e-05
2.6483536935473216e-05
-0.00023065711429253423
-0.00023065711429253423
-0.00014199970456265488
-0.00014199970456265488
0.0024259588460706725
-0.00018469759923557416
-0.00018469759923557416
0.00081420267256246187
0.00081420267256246187
0.00068656241188392024
0.00068656241188392024
-0.0042059443708493136
0.0013899024271730623
0.0013899024271730623
-0.0015697122980109922
-0.0015697122980109922
0.001780321906385813
0.001780321906385813
0.00073563910968180862
0.00073563910968180862
-0.0032919212852970756
-0.0032919212852970756
0.00056703592450239187
0.00056703592450239187
0.00037903476034671429
0.00037903476034671429
0.0014737366204505993
0.0014737366204505993
0.001307761915785171
0.001307761915785171
0.0010614787518736088
0.0010614787518736088
-0.0011012141609600815
-0.0011012141609600815
0.0010926767985481166
0.00058275772661641346
0.00058275772661641346
0.00056805655121761631
0.00056805655121761631
0.00062284893191706908
0.00062284893191706908
-0.0014617735369192417
-0.0014617735369192417
-0.0012841219397694604
-0.0012841219397694604
6.9447742764913297e-05
6.9447742764913297e-05
0.0015704913450212002
0.0015704913450212002
0.0012110623078739335
0.0012110623078739335
-0.0008608773899915355
-0.0008608773899915355
2.895530974629238e-05
2.895530974629238e-05
-0.0016120033060455946
-0.0016120033060455946
0.00024903641984102935
0.00024903641984102935
-7.4051101922621628e-05
-7.4051101922621628e-05
-0.0026310731231618829
-0.0026310731231618829
-0.0012381250010747467
-0.0012381250010747467
0.0011615690817273897
0.0011615690817273897
-0.0014423143374166958
-0.0014423143374166958
0.00014701479979950427
-0.00021844581118459451
-0.00021844581118459451
0.00015200100814914238
0.00015200100814914238
0.0031398453072497947
0.0030365945075186709
0.0030365945075186709
-0.0030344396914623491
-0.0030344396914623491
0.0029021178779168821
0.0029021178779168821
-0.00023980039332154808
-0.00023980039332154808
-0.0011180950998351611
-0.0011180950998351611
-0.0014765478979022607
-0.0014765478979022607
0.00063287719990154086
0.00063287719990154086
0.00048391412122600135
0.00048391412122600135
-0.0014266654401120353
-0.0014266654401120353
0.0011393796695854694
0.0011393796695854694
0.00065801549807870878
0.00065801549807870878
0.00212891149503508
0.00212891149503508
-0.0011826432359159057
-0.0011826432359159057
0.0012437371460164777
0.0012437371460164777
-0.00079987883990607466
-0.00079987883990607466
0.0018639935491153589
-0.00057555457644862227
-0.00057555457644862227
-0.0035892346868102126
-0.0035892346868102126
0.00021576842218801239
0.00021576842218801239
0.00064257669875291453
0.00064257669875291453
-0.002244551106311402
-0.002244551106311402
0.00099360839901397441
2.0756266412519696e-05
2.0756266412519696e-05
0.0022036330861141822
0.0022036330861141822
-0.0017131095406459902
-0.0017131095406459902
-0.00041832018877699514
-0.00041832018877699514
0.0013560472193208562
0.0013560472193208562
0.0038253239693952796
0.0038253239693952796
0.00069599988307496134
0.00069599988307496134
-3.5661135917265957e-05
-3.5661135917265957e-05
0.00060500137784748125
0.00060500137784748125
-0.0015602658409108955
-0.0015602658409108955
0.0017991281348935151
0.0017991281348935151
0.0010881225085670153
0.0010881225085670153
0.0007900511213921787
0.0007900511213921787
0.00092151801567234067
0.00092151801567234067
0.00051746982882160391
0.00051746982882160391
-0.0024865205825863371
-0.0024865205825863371
0.0010717879052856692
-0.004002020343097352
-0.004002020343097352
-0.00061736403948437738
-0.00061736403948437738
0.00025683969176845369
0.00025683969176845369
0.0035842748554999809
0.0035842748554999809
-0.0039448410235331695
-0.0039448410235331695
-0.00017997099079159018
-0.00017997099079159018
0.0015914347694279984
0.0015914347694279984
-0.0023102988117740444
-0.0023102988117740444
0.0005974341823448573
-0.0044723089566986582
-0.0044723089566986582
-0.0040780996548937173
-0.0040780996548937173
0.00049973703149139303
0.00049973703149139303
-0.00095525737765170574
-0.00095525737765170574
-0.00029306219481702522
-0.00029306219481702522
0.00010821328741006298
0.00010821328741006298
0.0015565583654238472
0.0015565583654238472
0.0062968789113534889
0.0062968789113534889
-0.0043439875528443195
0.00095928291009681681
0.00095928291009681681
0.0073680606025224634
0.001289173285628938
0.001289173285628938
-0.0011707098283639022
-0.0011707098283639022
-0.0020528586958415917
-0.0020528586958415917
0.0059104388686801457
0.0059104388686801457
0.0019881469364314394
0.0019881469364314394
-0.00043061387294893172
-0.00043061387294893172
-0.0070477432057139524
-0.0070477432057139524
0.0043359231488392528
0.0043359231488392528
-0.0007942808840719996
-0.0007942808840719996
0.0018725645711312193
0.0018725645711312193
-0.0017096326117077728
-0.0017096326117077728
-0.00054372721914406935
-0.00054372721914406935
-0.0042392802401986533
-0.0042392802401986533
0.0035439884325369347
0.0035439884325369347
0.0040095762706068364
0.0040095762706068364
0.00034797807822963542
0.00034797807822963542
0.00079599944581489794
0.00079599944581489794
-0.00069349107310000952
-0.00069349107310000952
0.00085848083890360024
0.00085848083890360024
0.0022788453102166842
0.0022788453102166842
-0.0034546578159786357
-0.0034546578159786357
0.0025730712319919622
-0.0010772836798434221
-0.0010772836798434221
-4.9100767459869378e-05
-4.9100767459869378e-05
0.00066808303193216338
0.00066808303193216338
-0.0045683799170641061
-0.0045683799170641061
0.0016205432598803903
0.0016205432598803903
-0.0003942687678221395
-0.0003942687678221395
-0.0073382170326340744
-0.0031003060537338439
-0.0031003060537338439
0.00066879353122135878
0.00066879353122135878
0.00047534015901904266
0.00047534015901904266
0.0009296499813509397
0.0009296499813509397
0.0026395656546288706
0.0026395656546288706
-0.00099932067899030468
-0.00099932067899030468
-0.0030316828052294373
-0.0030316828052294373
-9.402064156028455e-05
-9.402064156028455e-05
0.0031967389549663132
0.0031967389549663132
-0.0022610258684957912
-0.00071078549947827311
-0.00071078549947827311
-0.00044609438150927731
-0.00044609438150927731
0.00093702821886282816
0.00093702821886282816
-0.0013216274025579539
-0.0013216274025579539
0.0022495644510014683
0.0022495644510014683
-0.0030981920698135816
-0.0030981920698135816
0.0031895581502984754
0.0031895581502984754
0.00380890118660316
0.00380890118660316
-0.0011158690639891792
-0.0011158690639891792
-0.0027872896214655492
-0.0027872896214655492
-0.00029959686423876563
-0.00029959686423876563
0.00067458700903725557
0.00067458700903725557
0.0017404409693965385
0.0017404409693965385
0.0022221319947009596
0.0022221319947009596
-0.00012950829592671599
-0.00012950829592671599
-5.0979427171681729e-05
-5.0979427171681729e-05
-0.0019007885722466451
0.00079815594439626284
0.00079815594439626284
-0.0032277387283026053
-0.0032277387283026053
-0.00039755012787885316
-0.00039755012787885316
0.0017374116245281492
0.0017374116245281492
0.00077266451872929991
0.00077266451872929991
0.0025931471274466731
0.0025931471274466731
-0.00090387371427424015
-0.00090387371427424015
0.0015493422966335756
0.0015493422966335756
0.00038416886890240147
0.00038416886890240147
-0.00039971750368313433
-0.00029176881010176429
-0.00029176881010176429
-0.0018325457095269503
-0.0018325457095269503
-0.00044541436407160911
-0.00044541436407160911
-0.00048270330252518992
-0.0049605568668035262
-0.0049605568668035262
0.00020378432725300669
0.00020378432725300669
-0.0011311344659957819
-0.0011311344659957819
-0.0022377032610603241
-0.0022377032610603241
0.00044284910452230025
0.00044284910452230025
0.00098145694896207333
0.00098145694896207333
-0.0010230391009906155
-0.0010230391009906155
-0.0004493648328076778
-0.0004493648328076778
-0.0002600140198136861
-0.0002600140198136861
0.00018801790245153246
0.00018801790245153246
0.00098170589313514335
0.00098170589313514335
0.0045205253197348515
0.0045205253197348515
0.00029651860360618615
0.00029651860360618615
-0.0032777103887852163
-0.0032777103887852163
-0.0037508621379765271
-0.0037508621379765271
0.0021852284360267793
0.0021852284360267793
-0.0003838857858615587
-0.0003838857858615587
-9.005596027529425e-05
-9.005596027529425e-05
0.0010487855090650221
0.0010487855090650221
0.0010037206822211934
0.0010037206822211934
-0.00067483733204259249
-0.00067483733204259249
-0.0027320271015026103
-0.0027320271015026103
-0.0023374330617767047
-0.0023374330617767047
-0.00071507364277843496
-0.00071507364277843496
-0.00024453790411451521
-0.00024453790411451521
0.00077399286143926035
0.00077399286143926035
-0.00028055058437823131
-0.00028055058437823131
0.0010748279514211534
0.0010748279514211534
-0.00055437578144779652
-0.00055437578144779652
-0.00057207870696370194
-0.00057207870696370194
-0.0001151884440078928
-0.0001151884440078928
-0.00024813738825573984
-0.00024813738825573984
-0.0028668615933716054
-0.0028668615933716054
-0.00039599395115917267
-0.00039599395115917267
-0.00074894947266384616
-0.00074894947266384616
0.0013455569977361471
0.0013455569977361471
0.00044546229094652494
0.00044546229094652494
0.00089357829577415182
0.00089357829577415182
-0.00071388129711910534
-0.00071388129711910534
0.00086977566560681883
0.00086977566560681883
-0.00026712610217442112
-0.00026712610217442112
0.00083045557890200654
0.00083045557890200654
-0.0023289330212563505
-0.0023289330212563505
-0.0009853359143311498
-0.00059565815935483499
-0.00059565815935483499
0.0013824784804037007
0.0013824784804037007
-0.00013970559871119486
-0.00013970559871119486
0.0017314637242362868
0.0017314637242362868
-0.0013731410839973954
-0.0050363632004817374
-0.0050363632004817374
0.0034253476942885681
0.0034253476942885681
0.00089751433690585529
0.00089751433690585529
-0.002089306108392639
-0.002089306108392639
-0.00020596676777485517
-0.00020596676777485517
-0.0021006026183635956
-0.0021006026183635956
0.00084497092960283753
0.00084497092960283753
0.0016990648872789484
0.0016990648872789484
0.0038401983816390372
0.0038401983816390372
-0.00015627969762917258
-0.00015627969762917258
0.0020517795198419283
0.0020517795198419283
0.0013130540570811548
0.0013130540570811548
-0.00054293694106101746
-0.00054293694106101746
-0.0017570533549763599
-0.0017570533549763599
0.000146876161776675
0.000146876161776675
-0.002459324122583352
-0.002459324122583352
0.00070661526681571585
0.00070661526681571585
-0.0017999838781829608
-0.0017999838781829608
0.0024597098835501996
-0.0016653510860821
0.00021388969610315863
0.00021388969610315863
-0.0023534174556495775
-0.0023534174556495775
0.00091297258059105805
0.00091297258059105805
0.0011758659822209219
0.0011758659822209219
0.0025689357468896556
0.0025689357468896556
-0.0004893988562453956
-0.0004893988562453956
0.001138592890052063
0.001138592890052063
0.0012500425300164884
0.0012500425300164884
0.0017003109681931895
0.0017003109681931895
-7.4753465837762428e-05
-7.4753465837762428e-05
-0.0023122015275107819
-0.0023122015275107819
0.00041321166923955464
0.00041321166923955464
0.0013057693270831048
0.0013057693270831048
-0.00049458546487025326
-0.00049458546487025326
0.00055632654585941474
0.00055632654585941474
-0.0020205356911773792
-0.0020205356911773792
0.0013464812182846656
0.0013464812182846656
0.0027994807956940935
0.0027994807956940935
-5.0273024017914656e-05
-5.0273024017914656e-05
0.0018751300129137092
0.0018751300129137092
-0.00098914435979994045
-0.00098914435979994045
-0.0005039318291875809
-0.0005039318291875809
5.3850124218424109e-05
5.3850124218424109e-05
0.00010118735617298186
0.00010118735617298186
-0.0020184153356470726
-0.0020184153356470726
-0.00024238324850932199
-0.00024238324850932199
0.003309543961023204
0.003309543961023204
-0.00017334729771499718
0.00096602981944609201
-0.0014307100345034567
-0.0014307100345034567
-0.00051113905700203252
-0.00051113905700203252
-0.0010450677599354639
-0.0010450677599354639
-0.00061129408034272669
-0.00061129408034272669
-0.0037206084929379533
-0.0037206084929379533
0.00079044274122405168
0.00079044274122405168
0.00044138585163814675
0.00044138585163814675
-0.0023495541758153712
-0.0023495541758153712
0.0012343254641824465
0.0012343254641824465
-0.0039120985412169325
0.00065728993584831836
0.00065728993584831836
0.00024615491797773062
0.00024615491797773062
-0.00201340312876688
-0.00201340312876688
0.0022091797345807655
0.0013585202064023613
0.0013585202064023613
-0.0016444730665385093
-0.0016444730665385093
0.0017871079978791097
0.0017871079978791097
-0.0006520699657769233
-0.0006520699657769233
-0.0040379455908322107
-0.0040379455908322107
0.001413688284144608
0.001413688284144608
0.0067161529481590213
-0.0036255582885690828
-0.0036255582885690828
-0.0007812272850460188
-0.0007812272850460188
0.0027918183049969354
0.0027918183049969354
0.00034834050636307868
0.00034834050636307868
-0.003295194532100526
-0.003295194532100526
0.0051132672001879334
0.0051132672001879334
-0.003646358180824134
-0.003646358180824134
-0.0016786224381031651
-0.0016786224381031651
-0.0024282328072554116
-0.0024282328072554116
-0.0016421780145975924
-0.0016421780145975924
0.00074671172512356812
0.00074530515904443759
0.00074530515904443759
-0.00063906374855925065
-0.00063906374855925065
-0.0032464509609646738
-0.0032464509609646738
-0.0020360362951986014
-0.0020360362951986014
-0.0010962417876783888
-0.0010962417876783888
-0.00094947840191073767
-0.00094947840191073767
-0.00082481149107944778
-0.00082481149107944778
-0.00029653290321106878
-0.00029653290321106878
0.00097576243654805142
0.00097576243654805142
0.0019501032872858729
0.0019501032872858729
0.0007782716450116413
0.0007782716450116413
-0.00066212397255371565
-0.00066212397255371565
0.00010916717262251605
0.00010916717262251605
2.1301850832137673e-05
2.1301850832137673e-05
-0.00080018559946649361
-0.00080018559946649361
0.0016492389306158601
0.0016492389306158601
0.0018093356159935706
0.0018093356159935706
0.002143339879601231
0.002143339879601231
-0.001725638397310674
-0.001725638397310674
0.0016411439114762106
0.0016411439114762106
-0.0010614906398335002
-0.0010614906398335002
0.00074358221831928519
0.00074358221831928519
0.00085150588735058723
0.00085150588735058723
0.0022747119239961309
0.0022747119239961309
7.5053339318532827e-05
7.5053339318532827e-05
-0.0015598958029229284
-0.0015598958029229284
0.0026300101344994514
0.0026300101344994514
-0.00034979687160803665
-0.00034979687160803665
-0.0024526670760223672
-0.0024526670760223672
0.0027419919155470224
0.0027419919155470224
0.00032020534172095253
0.00032020534172095253
0.0034690060076491623
0.0029372003534085585
0.0029372003534085585
0.0016547584930961771
0.0016547584930961771
0.0018312233144940307
0.0018312233144940307
0.0018978907405109943
0.0018978907405109943
0.0020207613488919078
0.0020207613488919078
-0.0016149575757598532
-0.0016149575757598532
0.0024781006848773966
0.0024781006848773966
0.0030490332139536795
0.0030490332139536795
0.0015443507916533049
0.0015443507916533049
0.0022908670837362369
0.0022908670837362369
-0.00055442631531185107
-0.00055442631531185107
0.0032612604174525892
0.0032612604174525892
-0.0015957092459791785
-0.0015957092459791785
0.0023492759690335418
0.0023492759690335418
-0.0015108197816466882
-0.0015108197816466882
3.4957217776794266e-07
3.4957217776794266e-07
-0.000528438579954657
-0.000528438579954657
-0.0021350642363473157
-0.0021350642363473157
0.00028334775754463996
0.00028334775754463996
-0.0018405513748673452
-0.0018405513748673452
0.0056389622545537591
-0.0020121047281087051
-0.0020121047281087051
-0.0042809846635013448
-0.0042809846635013448
-3.9440761034852733e-07
-3.9440761034852733e-07
-0.00050784768006226092
-0.00050784768006226092
0.0018644009309202263
0.0018644009309202263
-0.0035410262527026783
-0.0035410262527026783
-0.00037271728644519564
-0.00037271728644519564
-0.00052151806121186273
-0.00052151806121186273
0.00039951597932141294
0.00039951597932141294
0.00017017184215416088
0.00017017184215416088
0.0017345044156457938
0.0017345044156457938
0.0019873184600740917
0.0019873184600740917
-0.00221122372485768
-0.00221122372485768
-0.0040056232194670225
-0.0040056232194670225
0.0020019772141158872
0.0020019772141158872
0.001042281430134807
0.001042281430134807
0.00072812087013260482
0.00072812087013260482
0.0030313573210361154
0.0030313573210361154
0.00036265113569899709
0.00036265113569899709
0.0022073077608535455
0.0022073077608535455
0.00080452329497671571
0.00080452329497671571
-0.00025859758479330423
-0.00025859758479330423
0.0011955540763478097
0.0011955540763478097
0.00069708353169100148
0.00069708353169100148
0.0031798482935782545
0.0031798482935782545
-0.00042085405319723722
-0.00042085405319723722
0.00061568225013414017
0.00061568225013414017
-0.00035074926789618194
-0.0026850871229384997
-0.0026850871229384997
-0.00075001142106097566
-0.00075001142106097566
-0.0027156926002591419
-0.0027156926002591419
-0.00019006267639040973
-0.00019006267639040973
0.0020502177944981188
0.0020502177944981188
0.0034912438847384008
0.0034912438847384008
-0.00017508281637070586
-0.0033757916711062829
-0.0033757916711062829
-2.7318549509173629e-05
-0.00099159487461211076
-0.00099159487461211076
-7.8913340200734413e-05
-7.8913340200734413e-05
0.00028922630267128735
0.00028922630267128735
-0.0026030149607136205
-0.0026030149607136205
0.00069487596824387913
0.00069487596824387913
0.0030724387838289772
0.0030724387838289772
-0.001876771376954146
-0.001876771376954146
0.0030585332138305197
0.0030585332138305197
0.00047046740944859029
0.00047046740944859029
-0.00053087446958445094
-0.00053087446958445094
-4.2968290194179892e-06
-4.2968290194179892e-06
-0.0027015966073162521
-0.0027015966073162521
-5.8607199873391333e-05
-5.8607199873391333e-05
0.0017982431965155282
0.0017982431965155282
0.0025399154952481231
0.0025399154952481231
0.0018418948137034752
0.0018418948137034752
-0.0027075913214428017
-0.0027075913214428017
-0.0005829641343133682
-0.0005829641343133682
-0.0026887216944257099
-0.0026887216944257099
-0.0035015117431228329
-0.0035015117431228329
-0.00035307778692633397
-0.00035307778692633397
0.0012058171336117242
0.0012058171336117242
0.0026995252074018929
0.0026995252074018929
-0.0013866258200088235
0.0012965008056916763
0.0012965008056916763
-0.0025478541890973914
-0.0025478541890973914
0.0013335696023210051
0.0013335696023210051
-0.0004953387989966939
-0.0004953387989966939
0.00075165661694223001
0.00075165661694223001
-0.0017141685525011068
-0.0017141685525011068
0.0030120392604528149
0.0030120392604528149
0.00073261881452019856
0.00073261881452019856
0.0034674602460017727
0.0034674602460017727
-0.0015884916585536689
-0.0015884916585536689
-0.0021133417959351259
0.0010746260626709621
-0.0029039285890444756
-0.0029039285890444756
-0.002947101396821126
-0.002947101396821126
0.0011030439633691335
0.0011030439633691335
0.0014605604416934957
0.0014605604416934957
-0.0021184046637302083
-0.0021184046637302083
0.00042844880691377723
0.00042844880691377723
1.2517551440821541e-05
1.2517551440821541e-05
0.001954954682147036
0.001954954682147036
0.0033540992811441324
0.0033540992811441324
0.0020359419742818816
0.0020359419742818816
0.0021298014548149073
0.0021298014548149073
-0.0013515508498158598
-0.0013515508498158598
0.0021997260724971068
0.0021997260724971068
-0.0027400329112543518
-0.0027400329112543518
0.0011385734637156632
0.0011385734637156632
-0.0010413911710340095
-0.0010413911710340095
-7.5406561475536518e-05
-7.5406561475536518e-05
-0.002568233863638835
-0.002568233863638835
-0.0013666128888269341
-0.0013666128888269341
-0.00037929284114756793
-0.00037929284114756793
-0.0017840876148250532
-0.0017840876148250532
0.0001024611215404919
0.0001024611215404919
-0.0018505984065700762
-0.0018505984065700762
0.001024335101100834
0.001024335101100834
-0.0013745808376055015
-0.0013745808376055015
-0.0027415515342420816
-0.0027415515342420816
0.0016814142785507868
0.0016814142785507868
-0.00065265126193451832
-0.00065265126193451832
0.00033178720418880307
0.00033178720418880307
-0.0019261490125687185
-0.0019261490125687185
0.00088105623239489474
0.00088105623239489474
0.0022615887636204053
0.0022615887636204053
0.00043831352465377395
0.00043831352465377395
3.8520888679194893e-05
3.8520888679194893e-05
-0.00011655546659023097
-0.00011655546659023097
-0.0025307668475639763
-0.0025307668475639763
0.0015119603382614906
0.0015119603382614906
-0.0013338634302541301
-0.0027194653576585732
-0.0027194653576585732
-0.0028487285054697858
-0.0028487285054697858
-0.00016409642817358889
-0.00016409642817358889
-0.00199347899724654
-0.00199347899724654
0.0018510796359237189
0.0014730009856338952
0.0014730009856338952
0.0010597405128641561
0.0023585349223011042
0.0023585349223011042
0.00093790681080889069
0.00093790681080889069
-0.00023216624362627233
-0.00023216624362627233
-0.0031566408578170375
0.00091086234549367471
0.00091086234549367471
-0.00026937019899476246
-0.00026937019899476246
0.00040298786694150128
0.00040298786694150128
0.0015613091140345564
0.0015613091140345564
0.0016451584413033501
0.0016451584413033501
-0.00099969046270603789
-0.00099969046270603789
-0.0013411642652644553
-0.0013411642652644553
-0.0015919694552591977
-0.0015919694552591977
-0.00078938981607560492
-0.00078938981607560492
0.00071726620403283451
0.00071726620403283451
0.0032004179852256455
0.0032004179852256455
-0.0016277769739480674
-0.0016277769739480674
-0.0029546424985510094
-0.0029546424985510094
0.0032317834202119935
0.0032317834202119935
0.00063101827111489964
0.00063101827111489964
0.0010176494139129335
0.0010176494139129335
0.0025533589077949611
0.0025533589077949611
0.0030370143138461246
0.0030370143138461246
0.0023207254875320942
0.0023207254875320942
-0.0014531864388077024
-0.0014531864388077024
0.0020353644916718144
0.0020353644916718144
-0.0022499620052919326
-0.0022499620052919326
-0.00091192011512489007
-0.00091192011512489007
0.00026730553598394377
0.00026730553598394377
-0.00052925185202603339
-0.00052925185202603339
0.0030338943953022203
0.0030338943953022203
0.00078211387595478958
0.00078211387595478958
0.0021011985038524353
0.0021011985038524353
-0.0045509282383101955
-0.0045509282383101955
0.0015255028917122515
0.0015255028917122515
0.0013462337290991175
0.0013462337290991175
0.0024355024312214197
0.0024355024312214197
-0.0025766212128664708
-0.0025766212128664708
-0.0012389524538684226
-0.0012389524538684226
-0.001708292962836514
0.0003366850810648543
0.0003366850810648543
-0.002753596758661732
-0.002753596758661732
-0.0010934236059566636
-0.0011243049001116087
-0.0011243049001116087
-0.0016150441898299284
-0.0016150441898299284
-0.00035574144282465734
-0.00035574144282465734
0.0027929955186267136
0.0027929955186267136
0.00076367441440241429
0.00076367441440241429
-0.00090546552971523808
-0.00090546552971523808
-0.00014275792447667431
-0.00014275792447667431
-0.00094850287980505123
-0.00094850287980505123
0.00015311829942129195
0.001040447972266062
-0.00016184374636796586
-0.00016184374636796586
-0.0038221759613418995
-0.0038221759613418995
0.0023053686090359887
0.0023053686090359887
-0.0030060744946467442
-0.0030060744946467442
0.0023565761305343693
0.0023565761305343693
-0.0026420382125851988
-0.0026420382125851988
-0.00086783373997890512
-0.00086783373997890512
0.00024021893319605504
0.00024021893319605504
-0.0026405044483733598
-0.0026405044483733598
-0.00085575512231444301
-0.00085575512231444301
0.00048112746715459146
0.00048112746715459146
-0.00055809290533193555
-0.00055809290533193555
-0.00027683705727055954
-0.00027683705727055954
0.0015356762018841434
0.0015356762018841434
-0.00062095087968761257
-0.00062095087968761257
-0.001398370059262057
-0.001398370059262057
-0.00070017416105181047
-0.00070017416105181047
0.0019203463191338672
0.0019203463191338672
-0.00048218507915893293
-0.00048218507915893293
0.0014801541283487726
0.0014801541283487726
0.0003983318568649215
0.0003983318568649215
-0.00012707241670037049
-0.00012707241670037049
0.0013677692454479144
0.0013677692454479144
0.0013333702471960372
0.0013333702471960372
-0.00057912827216724397
-0.00057912827216724397
-0.0016278096216252203
-0.0016278096216252203
-0.00037163703536610649
-0.00018563318351058711
-0.00018563318351058711
0.0018883067542942522
0.0018883067542942522
-9.227026276840343e-06
-9.227026276840343e-06
-0.0011018486548327411
-0.0011018486548327411
-0.00024511375504081192
-0.00024511375504081192
0.0020745833329041188
0.0020745833329041188
0.00057448988855843687
0.0010542802304920147
0.0010542802304920147
0.0003674379420129541
0.0003674379420129541
0.0019144076314798787
0.0019144076314798787
0.00035363390895252713
0.00035363390895252713
0.00072985864534989224
0.00072985864534989224
-0.00037056218565019797
-0.00037056218565019797
0.0030228101244661612
0.0030228101244661612
-0.001788095226118287
0.0004821304617447447
0.0004821304617447447
-0.0016316541775466527
-0.0016316541775466527
0.00012040478174930809
0.00012040478174930809
0.0012309475230540662
0.0012309475230540662
0.00094345937463780473
0.00094345937463780473
-0.00077434587542842784
-0.00077434587542842784
-0.0012819197392100155
-0.0012819197392100155
-0.00047739481693337762
-0.00047739481693337762
3.8728892164876589e-05
3.8728892164876589e-05
7.4449200670368077e-05
7.4449200670368077e-05
-0.0019453488652146837
-0.0019453488652146837
-0.00011088399233937609
-0.00011088399233937609
0.00052196722518462596
0.0029564140792054912
0.0029564140792054912
0.0011066427763292181
0.0011066427763292181
-0.0014733046269991359
-0.0014733046269991359
-0.00017077840816974121
-0.00017077840816974121
-0.0027167100240914101
-0.0027167100240914101
-0.0013877018487348279
-0.0013877018487348279
-0.000110320322019683
-0.000110320322019683
-0.001826214622095454
-0.001826214622095454
0.0014995697521467701
0.0014995697521467701
-0.0008863279612214732
-0.0008863279612214732
0.00069456072550955379
0.00069456072550955379
0.0036503852956483152
0.0036503852956483152
-0.00089961485625271453
-0.00089961485625271453
0.00041328276232455874
0.00041328276232455874
0.00099624152905591619
0.00099624152905591619
0.0006928476576047723
0.0006928476576047723
0.0025516367295703116
0.0025516367295703116
0.0015065787282639909
0.0015065787282639909
-0.0025370318216742242
-0.0025370318216742242
0.0014769661940420837
0.0014769661940420837
-0.00082207114730232134
-0.00082207114730232134
0.0018431177377490145
0.0018431177377490145
-0.00096069358046611038
-0.00096069358046611038
-0.0025733092598461105
-0.0025733092598461105
-0.00095275451353095484
-0.00095275451353095484
0.00080272187320056128
0.00080272187320056128
0.00046945080961272674
0.00046945080961272674
0.0019930516512919713
0.0019930516512919713
0.0011186765207923874
0.0011186765207923874
-0.0039079868848492195
-0.0039079868848492195
-8.5690261505509563e-05
0.00034475066283542918
0.00034475066283542918
-0.0037343367403492363
-0.0037343367403492363
-0.001934838441524368
-0.001934838441524368
-0.00050787897890172988
-0.00050787897890172988
-1.9141715457081792e-05
-1.9141715457081792e-05
-0.0012184684728564056
-0.0012184684728564056
-0.00094080039925977855
-0.00094080039925977855
0.00068515686639126008
0.00068515686639126008
-0.00075020593506560035
-0.00075020593506560035
-0.0012057011296714684
0.002115554006643666
0.002115554006643666
0.0017291539355398179
0.0017291539355398179
0.00074321108412343914
0.00074321108412343914
0.00087150319751015085
0.00087150319751015085
-0.0020180265588926626
-0.0020180265588926626
-0.0001336037040628902
-0.0001336037040628902
-0.0013164290434461456
-0.0013164290434461456
-0.0013242041062769153
-0.0013242041062769153
0.00035324624102805254
0.00035324624102805254
0.0037255662942397303
0.0037255662942397303
0.001530158709711801
0.001530158709711801
0.0012711791018453177
0.0012711791018453177
-0.00022357618222586159
-0.00022357618222586159
0.001089423132914303
0.001089423132914303
0.00036509373898893258
-0.0034919283420536064
-0.0034919283420536064
-0.0026703346095843955
-0.0026703346095843955
0.00072473769875486813
0.00072473769875486813
0.0014535122636046582
0.0014535122636046582
-0.001838482437050887
-0.001838482437050887
-0.0011275310080551475
-0.0011275310080551475
0.001501864688978984
0.001501864688978984
6.9112356881600252e-05
6.9112356881600252e-05
0.0010100526824029438
0.0010100526824029438
-0.00073583065214857823
-0.00073583065214857823
-0.00083607780211483892
-0.00083607780211483892
0.0012143460885590087
0.0012143460885590087
0.0012641516350829459
0.0012641516350829459
3.0516615171252599e-05
-0.0031393350091065229
-0.0031393350091065229
-0.00058360418254880587
-0.00058360418254880587
-0.00055001336313959448
-0.00055001336313959448
0.0033936504005321038
0.0033936504005321038
-0.0014958497373678925
-0.0014958497373678925
0.00041061064216047183
0.00041061064216047183
-0.00087480540236510866
-0.00087480540236510866
0.0031497832915483859
0.0031497832915483859
-0.0010928665082914858
-0.0010928665082914858
0.00012504974460317923
-0.00065228632231702373
-0.00065228632231702373
0.0035027387775925021
0.0035027387775925021
0.0031363735504849281
0.0031363735504849281
0.00040025897175161029
0.00040025897175161029
-0.001461041366563747
-0.001461041366563747
-0.0010663369139610568
-0.0010663369139610568
0.00036027696545639726
0.00036027696545639726
0.0009600696114746214
0.0009600696114746214
-0.0010565636511943406
-0.0010565636511943406
0.0030668535200542319
0.0030668535200542319
-0.00090666294683756617
-0.00090666294683756617
0.0023120196100696717
0.0023120196100696717
-0.0003236869850223669
-0.0003236869850223669
0.0016340095025739647
0.0024983714916436998
0.0024983714916436998
-0.00053122147809289613
-0.00053122147809289613
-0.00072529010612591455
-0.00072529010612591455
0.00037282635029807661
0.00037282635029807661
-0.0022463936569546588
-0.0022463936569546588
-0.0016054724487164999
-0.0016054724487164999
-0.0014195993482394741
-0.0014195993482394741
1.8554786463575198e-05
1.8554786463575198e-05
-0.0013527597581880436
-0.0013527597581880436
0.0017028150420176594
0.0017028150420176594
-0.00210099143962141
-0.0027313197329596603
-0.0027313197329596603
3.3191665383624033e-06
3.3191665383624033e-06
0.00099217276269916981
0.00099217276269916981
9.5643550589538404e-05
9.5643550589538404e-05
-0.0013995664204932241
-0.0013995664204932241
-0.0040819221803826237
-0.0010242531957117729
-0.0010242531957117729
-0.0013739151364702881
-0.0013739151364702881
0.0034815392951306813
0.0034815392951306813
0.00048527465425119809
0.00048527465425119809
-0.00045303110054835269
-0.00045303110054835269
-0.0033495983399896728
-0.0033495983399896728
0.0016280914547074199
0.0016280914547074199
0.00023855691298181166
0.00023855691298181166
0.0005720644389097633
0.0005720644389097633
0.002087100492932458
0.002087100492932458
-0.0024788927113684901
-0.0024788927113684901
0.00091567054090624454
0.00091567054090624454
0.00041928605915664469
0.00041928605915664469
0.0014125019654161099
0.0014125019654161099
0.00033199509392754209
0.00033199509392754209
0.0012128674844968503
0.0012128674844968503
-0.002142166651577074
-0.002142166651577074
0.0014395484693127227
-0.0024343277709416391
-0.0024343277709416391
0.003604257271199385
0.003604257271199385
0.0003032082430598264
0.0003032082430598264
-0.00078002257194801391
-0.00078002257194801391
0.0019990567110970145
0.0019990567110970145
0.0012325849412763315
0.0012325849412763315
-0.00070483487574377914
-0.00070483487574377914
4.005167129450711e-05
4.005167129450711e-05
-0.0031385062738147665
-0.0031385062738147665
0.00079080318344554226
0.00079080318344554226
0.0023174021790616198
0.0023174021790616198
-0.00062083852656380696
-0.00062083852656380696
-0.0024871607167377091
-0.0024871607167377091
0.0014528822588718347
0.0014528822588718347
-0.00054088192468675208
-0.00054088192468675208
-0.0016835504919849847
-0.0016835504919849847
0.002396337887788385
0.002396337887788385
-0.0021092779415055017
-0.0021092779415055017
0.0019539440105117282
0.0019539440105117282
0.0013270150475875239
0.0013270150475875239
-0.00059773286001326483
-0.00059773286001326483
-0.00010258367827227055
-0.00010258367827227055
0.00091309378051380411
0.00091309378051380411
-0.0014106074639068139
-0.0014106074639068139
0.002024280447598887
0.002024280447598887
-2.7062716277796278e-05
-2.7062716277796278e-05
-0.00078849769320964342
-0.00078849769320964342
0.0023434305724725057
0.0023434305724725057
-0.00082812276107116034
-0.00082812276107116034
-0.0033174192221979782
-0.0033174192221979782
-0.0029958320065178973
-0.0029958320065178973
0.0022292161233895
0.0022292161233895
3.4802400961397616e-06
3.4802400961397616e-06
-0.0026135040962577895
-0.0026135040962577895
-0.00090689702847673273
-0.00090689702847673273
-0.0016941071010721821
-0.0016941071010721821
-0.0016599926636926177
-0.0016599926636926177
0.0011913681743816254
0.0011913681743816254
-0.00019734258165617966
-0.00019734258165617966
-0.00015865117242549678
-0.0001022047247065882
-0.0001022047247065882
0.0011034190878840067
0.0011034190878840067
0.00043706248027895229
0.00043706248027895229
-0.0018122677474035015
-0.0018122677474035015
-0.0023179601612857872
-0.0023179601612857872
-0.0015662462570820424
0.00074797451123213149
-0.00017969469764517618
-0.00017969469764517618
0.0012600400455245828
0.0012600400455245828
-0.0014011580557405654
-0.0014011580557405654
-0.0024930840313628125
-0.0024930840313628125
-0.001130924928859236
-0.001130924928859236
0.00013499462634145409
0.00013499462634145409
-0.001600593271477748
-0.001600593271477748
-0.00059619516906981381
-0.00059619516906981381
-0.0012152689644145162
-0.0012152689644145162
-0.0003037009985004451
-0.0003037009985004451
-0.00055362839269254116
-0.00055362839269254116
0.0012973581073704569
0.0012973581073704569
-0.0020324902544962128
-0.0020324902544962128
0.0015111384283128832
0.0015111384283128832
0.0010005870218637097
0.0010005870218637097
0.0022695976138146496
0.0022695976138146496
0.00032600069818723476
0.00032600069818723476
0.0019935664235588898
0.0019935664235588898
-0.0013788478454501104
-0.0013788478454501104
0.00077317285247850568
0.00077317285247850568
0.00031121087071305414
0.00031121087071305414
0.00045232993871173715
0.00045232993871173715
-0.0027615894884194941
-0.0027615894884194941
-0.0020162016480974932
-0.0020162016480974932
0.0015229515550114893
0.0015229515550114893
-0.0023012044143592651
-0.0023012044143592651
0.00046254678394312785
0.00046254678394312785
0.0004587643785905888
0.0004587643785905888
-0.0019311342478404007
-0.0019311342478404007
-0.0012373917808719357
-0.0012373917808719357
-0.0026036444443490905
-0.0026036444443490905
0.00015616245226050295
0.00015616245226050295
-0.0019318485685200619
-0.0019318485685200619
-0.00092694347074470478
-0.00092694347074470478
0.001360051374477941
0.001360051374477941
-0.0022987966199452662
-0.0022987966199452662
0.00080004582188338762
0.00080004582188338762
-0.0037494737592956608
-0.0037494737592956608
-0.00062492010686970899
-0.00062492010686970899
0.0017564599358244849
-0.0026148997311172405
-0.0026148997311172405
-0.00033072353663396421
-0.00033072353663396421
0.00075866678784015928
0.00075866678784015928
0.0014423231613255475
0.0014423231613255475
-0.00059153058395086037
-0.00059153058395086037
0.0030517661765846983
0.0030517661765846983
0.00038630059847766452
0.00038630059847766452
0.0006791173359520339
0.0006791173359520339
-0.0011042054252739433
-0.0011042054252739433
0.0001129993542734745
0.0001129993542734745
0.0011432143321688116
0.0011432143321688116
0.00076516598296056467
0.00076516598296056467
0.0013905905351058081
0.0013905905351058081
0.00054829312823508189
0.00054829312823508189
-0.0019021804449518556
-0.0019021804449518556
-0.0017840154098255428
-0.0017840154098255428
-0.00038400308977455737
-0.00038400308977455737
-0.0021200885608464452
-0.0021200885608464452
-0.00054353628594615245
-0.00054353628594615245
-0.00035213437335935102
-0.00035213437335935102
0.0020090767196452347
0.0020090767196452347
0.0024258600009094745
0.0024258600009094745
0.0043555050262540753
0.0043555050262540753
-0.00064573805684230677
-0.00064573805684230677
-0.00046774841713871325
-0.00046774841713871325
-0.0014201616988930574
-0.0014201616988930574
-0.00045421981706605892
-0.00045421981706605892
0.0013602879291611033
0.0013602879291611033
-0.0008998820790390474
-0.0008998820790390474
0.0026107239449494894
0.0026107239449494894
-0.00053215587780420994
-0.00053215587780420994
0.0012837396199028032
0.0012837396199028032
0.0014919847274145208
0.0014919847274145208
-0.0025563413602503085
-0.0025563413602503085
-0.00097061820334869067
-0.00097061820334869067
-0.0019067159634103231
-0.0019067159634103231
-0.00021283095591106361
-0.00021283095591106361
-7.4308461379168331e-05
-7.4308461379168331e-05
-0.0007743959483355649
-0.0007743959483355649
-0.0045941522771450957
-0.0045941522771450957
0.0021051992856138111
0.0021051992856138111
0.0026376101157711269
0.0026376101157711269
-0.00067682987423240825
-0.00067682987423240825
-0.00028863480563705789
-0.00028863480563705789
0.0031976888782241277
0.0031976888782241277
0.0012444313659549075
0.0012444313659549075
-0.00036689351065615037
-0.00036689351065615037
-0.0027071370302149084
-0.0027071370302149084
0.0015787830011100676
0.0015787830011100676
0.0004073982689005623
0.0004073982689005623
0.00032222525979722105
0.00032222525979722105
0.001054942998614284
0.001054942998614284
-0.0038302932314932688
-0.0038302932314932688
-0.0032105089291213913
-0.0032105089291213913
-0.00065345721680827107
-0.00065345721680827107
0.00069751305193636957
0.00069751305193636957
0.0016996673556745738
0.0016996673556745738
-0.0023600645057580377
-0.0023600645057580377
-0.00084758905044611749
-0.00084758905044611749
-0.0016760397290863747
-0.0016760397290863747
-0.00020311007375451034
-0.00020311007375451034
-0.001613539126532405
-0.001613539126532405
-8.4640274674945389e-05
-8.4640274674945389e-05
0.0012231656081330283
0.0012231656081330283
-0.00013227237823435948
-0.00013227237823435948
-0.00081915484073973109
-0.00081915484073973109
0.0010187041836633732
0.0010187041836633732
-0.001241296340752325
-0.001241296340752325
0.001187476189905067
0.001187476189905067
-0.0013032335774534392
-0.0013032335774534392
-0.00061635811997171291
-0.00061635811997171291
-0.0017946471387383677
1.2928639406792938e-05
1.2928639406792938e-05
0.00079648010213857127
0.00079648010213857127
0.0020423610901505697
0.0020423610901505697
0.0012014089577833805
0.0012014089577833805
0.0022277430162927665
0.0022277430162927665
0.0021679770493789733
0.0021679770493789733
0.00083268444142630066
0.00083268444142630066
0.0004877510854749815
0.0004877510854749815
0.0030847201304187934
0.0030847201304187934
0.00053655900988602595
0.00053655900988602595
-0.0021299481718089642
-0.0021299481718089642
-0.0014174353124118749
-0.0014174353124118749
0.00080267671862014256
0.00080267671862014256
0.002579049720404473
0.002579049720404473
0.0019978040660971869
0.0019978040660971869
-0.00039675987387790884
-0.00039675987387790884
-0.00037216116715341814
-0.00037216116715341814
0.00055032471305950872
0.00055032471305950872
-0.0010886610170874587
-0.0010886610170874587
-0.00062309876839236058
-0.00062309876839236058
-0.0013245472494604214
-0.0013245472494604214
-0.00098735073217051141
-0.00098735073217051141
0.0019049201928174322
0.0019049201928174322
0.00071193996182166027
0.00071193996182166027
-0.0018057103713228849
-0.0018057103713228849
0.00025330469392081587
0.00110769256079237
0.00110769256079237
0.00088298198392204466
0.00088298198392204466
6.5723769094894145e-07
6.5723769094894145e-07
-0.0024670990215594391
-0.0024670990215594391
-0.0029271907988264122
-0.0029271907988264122
0.00021031066067751371
0.00021031066067751371
0.0016245560754383564
0.0016245560754383564
-0.00042428973399530578
-0.00042428973399530578
0.0032438395469436029
0.0032438395469436029
0.002915399672291521
0.002915399672291521
0.0030180527917295428
0.0030180527917295428
0.00048032248566834228
0.00048032248566834228
0.0029200607985148844
0.0029200607985148844
0.00099833743984040994
0.00099833743984040994
0.0017210014969767339
0.0017210014969767339
-0.00041103028900621062
-0.00041103028900621062
-0.0012125753702528772
-0.0012125753702528772
0.0026757181090319784
0.0026757181090319784
-0.00067457399083019711
-0.00067457399083019711
0.0001395320167931342
0.0001395320167931342
1.6502138894930719e-05
1.6502138894930719e-05
-0.00065110786634661603
-0.00065110786634661603
-1.2029258152716951e-05
-1.2029258152716951e-05
-0.00041397072411192536
-0.00041397072411192536
0.00093660481712323817
0.00093660481712323817
-0.001139738564693788
-0.001139738564693788
0.0017989924170996163
0.0017989924170996163
-0.0014200232588525853
-0.0014200232588525853
0.0025532435984192314
0.0025532435984192314
0.00030756455145991351
0.00030756455145991351
-0.00091271553542875464
-0.00091271553542875464
-0.0019290731567300674
-0.0019290731567300674
0.0025051489707078206
0.0025051489707078206
-0.0025918138256537499
-0.0025918138256537499
-0.00091598117218537215
-0.00091598117218537215
-0.00075264133204518558
-0.00045272908679763789
0.00027661140646208801
0.00027661140646208801
0.00068089157706215727
0.00068089157706215727
-0.00098202592213327499
-0.00098202592213327499
0.0010017702774395847
0.0010017702774395847
-0.00070237599931586268
-0.00070237599931586268
0.0014120652075693243
0.0014120652075693243
0.0026447655147607283
0.0026447655147607283
0.00075607895164375662
0.00075607895164375662
0.0020815629133948944
0.0020815629133948944
-7.3679132707314956e-05
-7.3679132707314956e-05
0.0015373179695385391
0.0015373179695385391
-0.00010268907433023961
-0.00010268907433023961
0.0028212956716171891
0.0028212956716171891
-0.0020661784325073252
-0.0020661784325073252
0.0012117783403254399
0.00078498445385348319
0.00078498445385348319
-0.00073363625128229377
-0.00073363625128229377
-0.0011024688552920669
-0.0011024688552920669
0.0025770618172110131
0.0025770618172110131
-0.00099216581295875038
-0.00099216581295875038
0.0015989623856043041
0.0015989623856043041
-0.0019925360298384985
-0.0019925360298384985
-0.0034004036280860829
-0.0034004036280860829
0.00058096669790570917
0.00058096669790570917
-0.0030264338181552539
-0.0030264338181552539
2.2936358690998204e-05
2.2936358690998204e-05
0.0020576148010513712
0.0020576148010513712
0.0027494519136257484
0.0027494519136257484
-0.0030293745568475403
-0.0030293745568475403
-0.0017738469181364563
-0.0017738469181364563
0.00041508977159367561
0.001150696881844288
0.001150696881844288
0.0021255416697633974
0.0021255416697633974
-0.00062929715916507231
-0.00062929715916507231
0.00090009361360178898
0.00090009361360178898
0.00059181316657550009
0.00059181316657550009
-0.0012332128870726298
-0.0012332128870726298
0.00012107436650334039
0.00012107436650334039
0.00065754218328667978
0.00065754218328667978
-0.00070131237397471041
-0.00070131237397471041
-0.001531721645113063
-0.001531721645113063
-3.7605002932328157e-05
-3.7605002932328157e-05
0.00093538930670203368
0.00093538930670203368
-0.00011643392404757939
-0.00011643392404757939
0.0016822531265202438
0.0016822531265202438
-0.0026034686450980499
-0.0026034686450980499
0.0011114343508202751
0.0011114343508202751
-0.0024107661559687626
-0.0024107661559687626
-0.00049981901692726003
-0.00049981901692726003
-0.00047581695163379878
-0.00047581695163379878
-9.8695599569030264e-05
-9.8695599569030264e-05
0.0029974524476150182
0.0029974524476150182
3.9071927186412207e-05
3.9071927186412207e-05
-0.0022368085861859672
-0.0022368085861859672
0.0020184458605812194
0.0020184458605812194
0.00068273222483395237
0.00068273222483395237
0.0015552833211395507
0.0015552833211395507
0.00021482124961864921
0.00021482124961864921
-0.0019249767622632639
2.6976923147111209e-06
2.6976923147111209e-06
0.0016438610960212582
0.0016438610960212582
-0.00015552621127354124
-0.00015552621127354124
-0.0030913188341240533
-0.0030913188341240533
0.001111069480312405
0.001111069480312405
0.00054778617913969264
0.00054778617913969264
0.001243035543572514
0.001243035543572514
0.0028430703722247563
0.00060287429853247271
0.00060287429853247271
-0.00011466978663788287
-0.00011466978663788287
0.0020017664996958119
0.0020017664996958119
0.0018906983693767333
0.0018906983693767333
0.0017929367347133459
0.0017929367347133459
-0.00087608489958860105
-0.00087608489958860105
0.0019982028337810201
0.0019982028337810201
0.0015457410130713741
0.0015457410130713741
0.00088282793966708761
0.00088282793966708761
0.0007481867737318959
0.0007481867737318959
-0.00097478381465734561
-0.00097478381465734561
-0.00069944762595443863
-0.00069944762595443863
-0.00057846354331938935
-0.00057846354331938935
0.00011419660200098444
0.00011419660200098444
-0.002779387257861159
-0.002779387257861159
-0.00081512336069128365
-0.00081512336069128365
0.0015079726786708394
0.0015079726786708394
-0.0039983688222445368
-0.0039983688222445368
-0.002209195363945992
-0.002209195363945992
-0.0012368033486632672
-0.00080322754062539233
-0.00080322754062539233
-0.00079021454534337768
-0.00079021454534337768
-0.0015401443632302688
-0.0015401443632302688
0.0016781074527627339
0.0016781074527627339
-0.0030713174367623173
-0.0030713174367623173
-0.00014943204126529054
-0.00014943204126529054
0.0025504594428777021
0.0025504594428777021
0.0016318827857647769
0.0016318827857647769
0.00054417942646834262
0.00054417942646834262
0.0017184091644820579
0.0017184091644820579
0.00031248448033146598
0.00031248448033146598
-0.00081068121158699787
-0.00081068121158699787
-0.00022049393414820605
-0.00022049393414820605
0.001144432905048559
0.001144432905048559
0.00054336578055277928
0.00054336578055277928
-0.0015474445848948025
-0.0015474445848948025
-0.002744213349927205
-0.002744213349927205
0.00046131065919221962
0.00046131065919221962
0.00050801409956672031
0.00050801409956672031
-0.00044085403295991325
-0.00044085403295991325
0.00058738916759202295
-0.00031111638873231647
-0.00031111638873231647
0.00030830470776054561
0.00030830470776054561
-0.0021340910378632094
-0.0021340910378632094
-0.0014362761877840498
-0.0014362761877840498
-0.00019082341957706646
-0.00019082341957706646
0.00070755811339461396
0.00070755811339461396
0.0026226713287375086
0.0026226713287375086
0.00069641319445354138
0.00069641319445354138
-0.00060893575141881444
-0.00060893575141881444
0.00057528150694947868
0.00057528150694947868
0.0013296702865029041
0.0013296702865029041
0.00099326581530964847
0.00099326581530964847
9.1972180399798283e-05
9.1972180399798283e-05
-0.0018818753540969361
-0.0018818753540969361
0.0016100365310801011
0.0016100365310801011
-0.00074495980053328843
-0.00074495980053328843
0.00058168887933398986
0.00058168887933398986
0.00061689901266520034
0.00061689901266520034
0.0011539457588164528
0.0011539457588164528
-0.0019061686778697479
-0.0019061686778697479
-0.0012261189102726012
-0.0012261189102726012
-0.00093792756636559632
-0.00093792756636559632
-0.00038164950653299086
-0.00038164950653299086
0.0014995740412280601
0.0014995740412280601
-0.0030622450775164753
-0.0030622450775164753
-0.0016999628192696044
-0.0016999628192696044
0.0011202439551036235
0.0011202439551036235
-9.6307384890913518e-05
-9.6307384890913518e-05
-0.0012561114226403323
-0.0012561114226403323
0.0014860565236862197
0.0014860565236862197
-7.4665777021244619e-05
-7.4665777021244619e-05
0.00056620291522413316
0.00056620291522413316
-6.2557439063417694e-05
-6.2557439063417694e-05
-0.0022049137925776621
-0.0022049137925776621
-0.00086332341927110323
-0.00086332341927110323
-0.0011671184547428313
-0.0011671184547428313
-0.0021653008310789368
0.0014216054695181323
0.0014216054695181323
-0.0023970286128801718
-0.0023970286128801718
0.00029310900004915486
0.00029310900004915486
0.00020291926549547979
0.00020291926549547979
0.00018540425481331841
0.00018540425481331841
-0.0013457489718334918
-0.0013457489718334918
0.0013718813929567515
0.0013718813929567515
-0.001158683487784754
0.00071489647137831639
0.00071489647137831639
-0.0012510312457525152
-0.0012510312457525152
-0.00025559857206182375
-0.00025559857206182375
-0.0022474885962435126
0.00051322198216217528
0.00051322198216217528
0.00051354020247824895
0.00051354020247824895
0.00084802265350118246
0.00084802265350118246
0.0012163650970252343
0.0012163650970252343
8.315083654648817e-05
8.315083654648817e-05
0.00015805649273855556
0.00015805649273855556
-0.00098604819948473321
-0.0005365084490728066
-0.0005365084490728066
0.0019663371855543374
0.0019663371855543374
0.0018797802115330085
0.0018797802115330085
0.0020027739031652511
0.0020027739031652511
0.00079848780430415579
0.00079848780430415579
-0.00058254376220892936
-0.00058254376220892936
0.00084924904705444395
0.00084924904705444395
-0.0011130102819766397
-0.0011130102819766397
-0.0020957207140759708
-0.0020957207140759708
-0.0013880554699074352
-0.0013880554699074352
-0.00010626584360957621
-0.00010626584360957621
0.0027336837281731995
0.0027336837281731995
0.002697860014888533
0.002697860014888533
0.0015666127257263516
0.0015666127257263516
0.00091300416956970846
0.00091300416956970846
-0.0013858680514549993
-0.0013858680514549993
0.00047284427098671732
0.00047284427098671732
-0.00015880094808150462
-0.00015880094808150462
-0.0016165832887068729
-0.0016165832887068729
-0.0008103181207878568
-0.0008103181207878568
-0.0010484564855771975
-0.0010484564855771975
0.001476504773946466
0.001476504773946466
-0.0013146153884989245
-0.0013146153884989245
0.0011158410103291696
0.0011158410103291696
0.00055331942488890664
0.00055331942488890664
0.00023492379774027469
0.00023492379774027469
0.00082398102756749863
0.00082398102756749863
-0.00048177618805244932
-0.00048177618805244932
0.0012287505513129905
0.0012287505513129905
-0.0020653453646459928
-0.0020653453646459928
-0.0026084930674348367
-0.0026084930674348367
4.7080764785778865e-05
4.7080764785778865e-05
0.0031949194535234593
0.0031949194535234593
-0.00059143667898937729
-0.00059143667898937729
0.00014076785123711666
0.00014076785123711666
-0.00036970877764592471
-0.00036970877764592471
-0.00056037420061754643
-0.00056037420061754643
-0.0012886245541996522
-0.0012886245541996522
0.0013842409504242678
0.0013842409504242678
0.00048523129680177042
0.00048523129680177042
0.0022693784932206764
0.0022693784932206764
0.002126583976686987
0.002126583976686987
-0.0010267015324319484
-0.0010267015324319484
0.00015961048070476335
0.00015961048070476335
-0.001074968955513484
0.0014636900781862298
0.0014636900781862298
-0.0020115799242225213
-0.0020115799242225213
0.00047365998006644106
0.00047365998006644106
-0.00079034250557276104
-0.00079034250557276104
0.00057689974330220881
0.00057689974330220881
-0.00028035031610648377
-0.00028035031610648377
-0.00094374653290655707
-0.00094374653290655707
-0.0017748561007147764
-0.0017748561007147764
-0.00020937910037306022
-0.00020937910037306022
-0.00037683711495389849
-0.00037683711495389849
-0.0040288503593656653
-0.0040288503593656653
0.00064344909836422447
0.00064344909836422447
0.0015254199002985227
0.0015254199002985227
0.0026787373927448766
0.0026787373927448766
-0.00026961882418951997
-0.00026961882418951997
-0.00082851073256530981
-0.00082851073256530981
0.001175207430201948
0.001175207430201948
-0.002303513158078474
-0.002303513158078474
0.0017298992971919703
0.0017298992971919703
0.00030240514402673526
0.00030240514402673526
-0.0013230773803066494
-0.0013230773803066494
-0.0027152852151159008
0.00068684089934061281
0.00068684089934061281
-0.0005347637260399474
-0.0005347637260399474
-0.00037629441619831301
-0.00037629441619831301
0.0018496049152433068
0.0018496049152433068
0.00081971555959283447
0.00081971555959283447
-0.0015690467597721297
-0.0015690467597721297
0.0010852737210020366
0.0010852737210020366
-0.0021226874019713215
-0.0021226874019713215
0.00064951968950078349
0.00064951968950078349
-0.00042926276550492022
-0.00042926276550492022
-0.0014927166904764888
-0.0014927166904764888
-0.0012712294026298379
-0.0012712294026298379
-0.001143189436546422
-0.001143189436546422
-0.000475263511103309
-0.000475263511103309
0.00093818097887879242
0.00093818097887879242
-0.0018194591315387634
-0.0018194591315387634
0.00021131306768842054
0.00021131306768842054
0.00019905875475528199
0.00019905875475528199
-0.0017557973906669366
-0.0017557973906669366
-0.0015281625433812966
-0.0015281625433812966
-0.00054953551600103289
-0.00054953551600103289
0.0011651847841807385
0.0011651847841807385
-0.0010893102137113262
-0.0010893102137113262
0.0021409686159433953
0.0021409686159433953
-4.6917718868954887e-05
-4.6917718868954887e-05
-0.0001847403599300029
-0.0001847403599300029
0.0015207591997774244
0.0015207591997774244
-0.00050868436268884068
-0.00050868436268884068
0.00014217574674091715
0.00014217574674091715
-0.00038362589070574377
-0.00038362589070574377
0.0014906276834645165
0.0014906276834645165
0.00072508907252983213
0.00072508907252983213
0.001310410443807629
0.001310410443807629
0.00033526586463943054
0.00033526586463943054
0.00060852510093162098
0.00060852510093162098
-0.00065236598029576136
-0.00065236598029576136
0.0002564421160008642
0.0002564421160008642
-0.0015526656900339876
-0.0015526656900339876
0.0021846612679149351
0.0021846612679149351
0.0014083489933717581
0.0014083489933717581
0.0010299088106052966
0.0010299088106052966
-0.0015212187954605372
-0.0015212187954605372
0.00036224637682041801
0.00036224637682041801
-0.00032876058359941135
-0.0013410567148809162
-0.0013410567148809162
0.0023162253964295982
0.0023162253964295982
0.0019470596536248497
0.0019470596536248497
-0.0032354465086082479
-0.0032354465086082479
-0.0015299200303792375
-0.0015299200303792375
0.00079234744752559394
0.00079234744752559394
-0.0012303125592145327
-0.0012303125592145327
0.00046154997085737562
0.00046154997085737562
-0.00081565579336930676
-0.00081565579336930676
-0.00028389446697907247
-0.001418307659550249
-0.001418307659550249
-0.0012858248978575362
-0.0018998658104844603
-0.00046353271417772733
-0.00046353271417772733
0.0019135296814575113
0.0019135296814575113
-0.00061401824716677254
-0.00061401824716677254
-0.0022590619022773836
0.0019026875955067419
0.0019026875955067419
-0.0031751563712061909
-0.0031751563712061909
-0.00078172796682007535
-0.00078172796682007535
0.00048777041190878058
0.00048777041190878058
-0.0017522153835245388
-0.0017522153835245388
-0.0018358905427243509
-0.0018358905427243509
-0.0018926100181034784
0.0016033376479936837
-0.0016147863750274355
-0.0016147863750274355
0.00089351533154957078
0.00089351533154957078
-0.0010920935551430838
-0.0010920935551430838
-0.00027131988699648587
-0.00027131988699648587
0.0013404856856349099
0.0013404856856349099
0.004078397737396283
0.004078397737396283
0.001240099875145517
0.001240099875145517
0.00085680856391095409
0.00085680856391095409
0.00091441130001387698
0.00091441130001387698
-0.0011450458075496909
-0.0011450458075496909
0.0015069407329825399
0.0015069407329825399
-0.00032514818997106371
-0.00032514818997106371
0.00072505175082780303
0.00072505175082780303
5.9674455472191963e-05
5.9674455472191963e-05
-0.00011319541525711048
-0.00011319541525711048
0.0010217741581568507
0.0010217741581568507
0.00052838057348102976
0.00052838057348102976
0.0034379051713030137
0.0034379051713030137
-0.0011180394155458843
-0.0011180394155458843
-0.00099285527077993857
-0.0017267180900682154
-0.0017267180900682154
0.00035099708840798864
0.00035099708840798864
-0.00030834054281850585
-0.00030834054281850585
-0.00083457525569946176
-0.00083457525569946176
0.00014026976876545881
0.00014026976876545881
0.0010693545522544761
0.0010693545522544761
-5.6460862373078029e-05
-5.6460862373078029e-05
0.00060918502760003493
0.00060918502760003493
-7.8569381278085817e-05
-7.8569381278085817e-05
-0.00036677965824650279
-0.00036677965824650279
-0.00094949904791804185
-0.00094949904791804185
-0.00015421901946246274
-0.00015421901946246274
-0.00067243265101479919
-0.00067243265101479919
0.00097405708541494233
0.00097405708541494233
-0.00013518931847306034
-0.00013518931847306034
-0.0006386366575054026
-0.0006386366575054026
-0.0022796822857765221
-0.0022796822857765221
-0.00025576018731864736
-0.00025576018731864736
-0.00055155655195756508
-0.00055155655195756508
-0.0019649177930854251
-0.0019649177930854251
-7.4278847299405492e-05
-7.4278847299405492e-05
-0.0041090050412332536
-0.0041090050412332536
0.00093228107787893851
0.00093228107787893851
0.00091620897895225222
0.00091620897895225222
-0.0014232883366655654
-0.0014232883366655654
0.0023539129669653712
0.0023539129669653712
8.6338835736806378e-05
8.6338835736806378e-05
0.00080245340996430541
0.00080245340996430541
0.00030315335595003097
0.00030315335595003097
-0.0023572878641714965
-0.0023572878641714965
-0.00054510213220542347
-0.00054510213220542347
-1.5586741874682312e-05
-1.5586741874682312e-05
0.0036198184732683476
0.0036198184732683476
-0.0031313303295706207
-0.0031313303295706207
-0.0032055563973927832
-0.0032055563973927832
-0.0026792470326162804
-0.0026792470326162804
0.00022521459643430448
0.00022521459643430448
0.0025490577059790274
0.0025490577059790274
-0.00022737792851448827
-0.00022737792851448827
0.00085684486944869777
0.00085684486944869777
0.001898993960530345
0.001898993960530345
-4.2464452201676033e-05
-4.2464452201676033e-05
-9.5318997834116723e-05
-9.5318997834116723e-05
-0.00059666063060799231
-0.00059666063060799231
-0.0030431073215393518
-0.0030431073215393518
0.0033378610311352013
0.0033378610311352013
-0.00037116839776891775
-0.00037116839776891775
-0.0028695799348067959
-0.0028695799348067959
-0.0031048913367785667
-0.0031048913367785667
-0.00049925513569724737
-0.0033456194534471095
-0.0033456194534471095
-0.0023243572406633183
-0.0023243572406633183
-0.00057058740289107229
-0.00057058740289107229
-0.00049343820353429317
0.0011074562284266408
0.0011074562284266408
0.0021907959142812407
0.0021907959142812407
0.0018822355411079695
0.0018822355411079695
0.001511943078642477
0.001511943078642477
-0.0022763695055663508
-0.0022763695055663508
-0.00017321122812357493
-0.00017321122812357493
-0.00010590602324581947
-0.00010590602324581947
-0.0020098014559983041
-0.0013840281793452685
-0.0003575346448851698
-0.0003575346448851698
3.8121938688198524e-05
3.8121938688198524e-05
-2.5007538555068786e-05
-2.5007538555068786e-05
-0.001338998736312289
-0.001338998736312289
-0.0013393574608878593
-0.0013393574608878593
-0.00053349369779727451
-0.00053349369779727451
0.00068484408507519341
0.00068484408507519341
0.0018658167532711511
0.0018658167532711511
0.00065660711946276241
0.00065660711946276241
0.0018667533123947148
0.0018667533123947148
0.0016937869071836501
0.0016937869071836501
-0.0016915233038627589
-0.0016915233038627589
0.00096193585507997549
0.00096193585507997549
0.00026776974070673922
0.00026776974070673922
-0.00063140664705691742
-0.00063140664705691742
-0.00043615535250486929
-0.00043615535250486929
-0.00089476069868364618
-0.00089476069868364618
0.0029133716378916801
0.0029133716378916801
0.0040813233642136449
0.0040813233642136449
-0.0018918631799057205
-0.0018918631799057205
-0.0013422432443395602
-0.0013422432443395602
0.0014890854796312048
0.0014890854796312048
-0.0011099438308724303
-0.0011099438308724303
3.9871565920835237e-05
3.9871565920835237e-05
0.00015367591175568371
0.00015367591175568371
-0.00046843268526523531
-0.00046843268526523531
-5.0034411399756352e-05
-5.0034411399756352e-05
-0.00039798730066159554
-0.00039798730066159554
-0.00011912945660192258
-0.00011912945660192258
0.0014196585751538786
0.0014196585751538786
0.0013474142189702503
-0.0009837374537329433
-0.0009837374537329433
-0.00024976550413322073
-0.00024976550413322073
-0.0022343036602887546
-0.0022343036602887546
-0.0018172223691318515
-0.0018172223691318515
0.0011468552101115976
0.0011468552101115976
0.0021296960748661601
0.0021296960748661601
8.5282947734254845e-05
8.5282947734254845e-05
-0.0020973799194644338
-0.0020973799194644338
-0.0017091763289401433
-0.0017091763289401433
-0.00068961093840829498
-0.00068961093840829498
0.0024034383382369523
0.0024034383382369523
-0.0019779478174191891
-0.0019779478174191891
-0.0018713760003323603
-0.0018713760003323603
0.0020644334805746344
-0.0011600079271269494
-0.0011600079271269494
-7.4824557396721322e-05
-7.4824557396721322e-05
0.0034983465097807942
0.0015204240632492243
0.0015204240632492243
0.00047632478457730219
0.00047632478457730219
0.0021639853802906243
0.0021639853802906243
-0.0003564830141056176
-0.0003564830141056176
-0.00037995522035308194
-0.00037995522035308194
-0.0013560479275242082
-0.0013560479275242082
0.00022003343333686765
0.00022003343333686765
-0.0004002365909233067
-0.0004002365909233067
-0.00077280036514949997
-0.00077280036514949997
-0.00050879123761957861
-0.00050879123761957861
0.00034296441656759641
0.00034296441656759641
0.00013415166409306374
0.00013415166409306374
0.00063167390742839373
0.00063167390742839373
-0.0013668741712988821
-0.0013668741712988821
-0.0021934747562626731
-0.0021934747562626731
0.0010308212403596587
0.0010308212403596587
-0.0021485179367319949
-0.0021485179367319949
0.0011110946254605401
0.0011110946254605401
-0.0017956659590455449
-0.0017956659590455449
-0.0013592648061415491
-0.0013592648061415491
-0.00052306479853058134
-0.00052306479853058134
0.0012277049558757414
0.0012277049558757414
0.0014439583549353703
0.0014439583549353703
0.00094713317009089044
0.00094713317009089044
-0.00095797986183290753
-0.00095797986183290753
0.0015195048306675405
0.0015195048306675405
-0.00040644488763744402
-0.00040644488763744402
0.00080534131214344477
0.00080534131214344477
-0.00029395114593126071
-0.00029395114593126071
0.00081538963139905112
0.00081538963139905112
0.0026150718473655237
0.0026150718473655237
0.00086508409896633904
0.00093744231526252575
-0.0023551978330294044
-4.7364376771001763e-05
0.001534587755111214
0.001534587755111214
-0.0012619184649005351
-0.0012619184649005351
0.00054507614211672889
0.00018289283110533745
0.0015596000044289682
0.0015596000044289682
-0.00026455715156783002
-0.00026455715156783002
0.00061529004667438528
0.00061529004667438528
0.001514820950207856
0.001514820950207856
-0.00029446834645198948
-0.00029446834645198948
-0.00045028497133845651
-0.00045028497133845651
0.0011155257126046188
0.0011155257126046188
-0.00092534667094218393
-0.00092534667094218393
0.00053161592914995396
-0.00067330193642270637
-0.00067330193642270637
-0.00021282296435747307
-0.00021282296435747307
0.00077167573652391444
0.00077167573652391444
-0.00063690540472259713
-0.00082767037986834909
-0.00082767037986834909
0.001386888965837314
0.001386888965837314
0.0012234768077855104
0.00098144349986214584
0.00098144349986214584
0.001598553656132731
0.001598553656132731
0.00027885559810058636
0.00027885559810058636
-0.00083356536776603006
-0.00083356536776603006
0.00091679463951199064
0.00091679463951199064
-8.6595545980482538e-05
0.0027375281288557402
0.00083721503848017932
-0.0019868450472941002
-0.0019868450472941002
0.00065846426718110969
-0.0026624092731980628
-0.0026624092731980628
-4.5541482559407198e-05
-0.0020537623360052928
3.1652672306715475e-05
