-421.90977619283279,-686.60980092069246,-1242.4179379130437
-432.27776380423296,-589.35645187410933,-912.40459449968728
-465.67816907226808,-551.46179817203665,-1233.8490106725812
-516.41908033821733,-527.12167268608277,-819.07572585111302
-422.31920954155379,-345.03218033080509,-586.9271853806913
-463.44543291742673,-632.39756128702095,-990.93162286364361
-463.67654781112674,-592.18067202173586,-1229.2101195982445
-534.90013455961298,-577.86438300656346,-877.34402859311945
-532.20587178270603,1132.1849634300638,-603.66325368220475
-604.67166901994869,918.40219473083778,-512.45524513638281
-429.71959322927393,526.13744891669501,-240.80872583703356
-578.84512013033839,800.55627778451992,-531.60419703443551
-464.71393357779573,1005.5598046884473,-527.65773359980983
-572.50828834216725,734.13604323577249,-515.43274679983233
-531.61041770321822,985.78989405591562,-509.73463425744745
-584.41869032367526,900.73691455057497,-516.41031914768871
-262.25054250331942,-283.43757333306456,4.4498688288060055
-491.58985416103269,105.95369926956984,-97.821047177392529
-335.76379529102093,-81.874546907413929,-98.852371731882513
-511.05016770629948,-264.08355116164785,-331.5454865917153
-370.63731274487543,223.05748930410533,33.552852134966621
-526.94951864113114,-1.2827593314551211,-343.8690158035277
-308.26272394013529,-756.259551052338,-442.31281476113696
-484.83157898506511,20.766526096725872,-171.65983751154835
-297.95335435036156,-953.65912730780622,-554.48785247765943
-364.32267061219045,-584.95813468911729,-59.601540221620667
-238.18001268764567,-926.95956402812374,-258.66915729375864
-339.41560723572184,-505.79471861579759,11.082986264745951
-287.51720594017178,-124.53710999369244,355.28345987604069
-372.34657970190432,-356.0305290450857,-3.7225073891647638
-267.10114637243618,-699.00193691370646,50.810722399363947
-353.46671666443007,-281.60940691719395,163.59052352428603
-1035.6358203024467,-468.60925435272554,-686.50935197291869
-1122.4103461953121,-338.87787309827479,-718.65734366246261
-1128.0390354699309,-591.07119270991689,-170.00935238968182
-1087.4096133347784,-198.38770872387917,-139.66683625543578
-1120.2058851387089,-679.7112573847088,-233.97888248216387
-1063.993638964113,-327.47791188691281,-227.34840746869435
-1079.8955291361099,-601.10620951677708,-360.33735310023286
-1091.8824782278418,-295.1292976642718,-325.94445152068471
-1022.3196302266356,896.1219301182233,-597.53460397979541
-1102.8198267065625,774.67481981531671,-607.35955361585923
-1140.9697328202944,916.91404207509277,-103.23743891665832
-1085.7687239264217,916.7647929550767,-300.96234254918312
-1130.5310837787449,964.14180241547604,-84.112819266600994
-1084.3199882995229,1020.3100760634353,-192.37126653961244
-1062.5226543798299,1042.8132957048983,-152.26670450683855
-1088.4073421724056,1057.3151999730512,-349.95226211948682
-1047.0449472049736,-60.92239404491351,-21.239740411227849
-1171.7145230852523,220.33262107466069,-99.09631990481941
-1108.2886721633245,40.577362195569769,468.86931034653566
-1118.6619888933528,309.64689229173456,122.06433358291113
-1102.4177360260851,92.206142340866805,505.08151361835166
-1132.9490690118537,369.7456776729519,138.19332914557191
-1064.7966285920547,155.59260962335389,415.70186857448357
-1140.2954617588889,347.79951085881959,58.241751860717905
-1155.3837005340486,218.72918664655924,114.56370069623944
-1163.1734987660579,368.98698285425723,115.42259538723592
-1266.2657580249727,26.211853848631382,230.00328431958675
-1146.958118913356,482.16729443186296,52.889000971143176
-1259.0569945047537,7.8583915055615412,269.25349076006506
-1180.9317568160984,342.17315348831107,19.919012286725184
-1213.2029847987403,284.23388546415254,173.56327750322237
-1184.9081373238384,467.22401608498706,1.2850446521744949
770.70507239519759,-722.02506295762691,209.01126983645969
508.3675510158198,705.81442427035574,466.36273453226022
785.2070005921837,-701.07256243011,318.35947661317073
487.14193427302524,722.75747116918774,465.79924039783089
732.51797731009412,-269.4055826049169,585.76501941845117
490.96481958222114,744.4039976732721,446.17276686123751
777.43547333507661,-743.99802934154718,235.82560572893826
509.77332033294869,750.70078693562584,418.60578401084399
898.3143077280547,-392.78364269614849,137.78658239622118
737.92986087934821,-99.031596777630071,172.87924519985424
933.76754942598552,-702.01713311773301,148.53595530480547
749.71141727367456,-244.76838947287919,173.23417967605738
940.13474538531557,-620.33828883473666,195.64379724658568
758.99949503854884,-22.758287379957196,269.99971411545027
931.04826958840147,-609.55796099970757,176.06975929939756
763.65503810831126,-145.40347329728129,222.16879740435934
723.81599587589517,-310.88799090503647,426.16223004770274
456.33513726494596,318.76979836042631,395.5072099106319
729.82028217658478,-315.54538589767691,513.47546410469897
485.48951703296626,364.5035897950857,393.76568625580842
724.91629740727899,-290.02919215904296,483.03287945509652
485.83066947149996,344.07695207536335,345.03256465734466
736.4328502809127,-326.48121483016172,478.41354103682863
492.31284265410909,373.61457962375317,382.26873932760458
563.95687901086967,310.58368294967227,597.37302543096553
513.46547555759605,170.98667953365657,263.55579908983515
564.31753203798849,292.35389878735356,609.25353840176308
503.83567546908608,298.79253592922777,315.43617987480616
573.9821210175262,337.86367975642253,609.04848738607313
476.47467868669798,376.95672467676991,281.66539581549551
573.26196746895664,318.12404260892868,618.76189178233005
501.30497428830984,267.31790559894148,289.51635305705207
-1304.2008065637481,-528.46360815084097,-619.90320780989214
-1305.7638362759399,-461.55678696216688,-486.71311774072893
-1279.3591773800295,-555.37448436828197,-390.34700858971115
-1311.7552312451814,-490.32898164755915,-445.53209527754973
-1276.8217879400866,-490.14498883270801,-217.97156191859716
-1315.1517457203927,-438.59313422940232,-387.16063447940974
-1266.7211439164942,-565.96383301987248,-372.07050209934704
-1289.8969668351713,-511.87163422367689,-398.94460889376671
-1278.0343451979929,521.80149345472557,94.609281398147289
-1314.4623794341157,625.04847988024437,-15.54926983819837
-1247.4351361187735,494.74318988003472,219.897916306794
-1298.9892155998766,485.62840915600844,123.47608882170707
-1234.4159873221638,401.1032911921431,288.38424302004597
-1302.2333319628469,495.78993633623293,104.18038798441177
-1221.0650240830601,309.3090443059653,339.44471337820647
-1295.5616039836291,547.87474674362443,115.33490736511197
-1330.5829375770084,-262.2056157093968,166.15583800154951
-1381.4937923990674,-155.33137063373366,30.825168664845759
-1300.1149223178018,-265.72661638686884,231.69307004683694
-1368.9336827779432,-137.15361555216103,68.141863054452585
-1302.4892667216347,-283.5890595040716,221.7322162266349
-1386.7877433107917,-91.921642223305525,95.796739226190979
-1321.2608134925451,-281.09863219331612,178.78881196388406
-1365.2983966640541,-177.37125117872529,42.297223293166134
-1346.4958914452727,-278.15421645823022,94.790758813811294
-1384.2776879562296,-112.32683853160019,-7.5814025314731648
-1296.6305208706776,-288.11705350492809,166.59653940538902
-1425.5585278109047,-215.69209003898985,36.94400670290193
-1295.2240984261384,-214.33555742216285,243.47500629259147
-1372.2805843159906,-71.082863187617832,30.413746748687416
-1329.1702247656019,-259.46625997216296,135.82640278614701
-1393.9896909108793,-117.28306408624205,-3.8863521508888788
-826.48571218104826,-685.60937369707312,175.30145050738429
-943.32776369243038,-540.87225696422831,46.71805668523141
-829.21485157901168,-705.09414953224439,183.01137761254046
-941.61191562884596,-556.21138146328644,-34.989989903391013
-832.38904565588848,-692.08213375301114,192.70000011902277
-931.53375889637891,-566.42080822821765,-53.832438309153574
-947.46152261643044,-540.63640436157277,-10.697579355472165
-947.46152261643044,-540.63640436157277,-10.697579355472165
-677.48146603456451,616.60575710108731,391.47039748366399
-892.86626310614247,360.0492681303906,375.27929721280145
-681.9863012548725,575.14789187366296,410.26328278530872
-889.12978831835665,332.77686377019188,399.84868278911381
-670.85859721889301,595.41583639745477,406.98313208708765
-881.20083883515451,370.71382301809012,373.57563955750334
-666.69490240414041,579.25291204086761,423.6095526273935
-892.94848596439579,351.19759249329451,386.44797416887423
-852.87632041768143,-212.33534671380789,644.78773853381176
-963.85357758123644,-290.79662537322764,424.81489215041597
-861.01432883187658,-120.84741112199104,656.79925953115685
-955.71144063187171,-261.55747298838298,443.45091257363572
-862.49437870631209,-98.515154555177958,673.03100803291329
-959.61349372188033,-234.16688565937596,454.94662464725292
-864.48415267710493,-220.1431682298452,641.78259736799725
-960.84871436363267,-287.71322389227794,426.55335294398736
-750.02612142842383,-268.47001679517894,803.9062968895214
-913.00191248436511,-197.27892865859059,378.38414862943301
-756.52749585597019,-305.54138263196143,790.17469813355581
-909.70706589586655,-169.27437683175535,383.21141515041188
-750.60342030170762,-321.62402707167251,792.35357837227616
-898.11322922466184,-178.18828947174998,368.15756916363699
-757.31115327367365,-308.54640643291941,786.91111468072609
-914.51499495266205,-182.96195182028745,378.26203475966526
107.32536629009702,-805.70633055727887,169.36755720714854
-555.88593824839609,-804.29555448108545,-268.2116888351033
240.24157325090002,-830.09073134293703,270.17803235794969
-588.50393056820974,-682.10098180419777,228.62315698652969
159.51763706716153,-952.30107588680278,38.638103387340657
-643.53459419988758,-721.20685803428819,114.90615921733337
234.953059463751,-925.40476242030331,-391.36032025684938
-571.32470864229526,-777.36169473655491,-423.35337622324653
76.569898933032036,1089.8706173653409,183.42685889132198
-697.57264597583821,910.26309118652239,116.80857945401925
49.226163560802433,1017.5659252412656,283.10153188882953
-706.94869066309684,676.50969917232874,377.06259846122356
-12.670082724718032,972.50270543466524,308.3116696818177
-737.44549950806402,626.6950273064374,411.69965769788092
36.223867556735883,1091.3043659823506,109.51855876572655
-705.96496208171186,931.52863263352845,58.661704149071824
-64.283539843289518,-276.80666074029369,593.17365356974221
-822.10126640451369,-126.802283767638,347.1575327995663
171.32096203600577,-355.91517102952508,732.83234159053791
-805.23919329258331,-179.32047353944526,400.86885765615244
146.62876294258325,-499.76856479878887,633.94789777471919
-876.65052332154676,-242.86659504657032,360.39089696969609
170.15521930411145,-84.626369943336101,520.74092909621629
-786.58381377476451,-305.19691170798279,297.48240866273454
-66.959173292558205,-456.04737717448563,349.08143936002296
-866.1144590060718,-514.3966232309881,112.55748443407556
7.298161551794129,-379.43133955856013,535.86008374651078
-925.84077281014015,-361.91799403750315,353.58038704805324
28.422118062490565,-510.01212776235872,565.94800802438954
-890.26552579681436,-377.92161449463038,359.69635702010709
-38.397813159646084,-28.919537455104216,656.42671602077235
-806.03997854383647,-157.23992274864131,421.11202584602592
562.33197567777347,-556.69900191855959,-1159.7914759931348
701.26007363497877,-574.32586734977906,-961.41508238385211
480.27059997327115,-24.701385929004353,-577.10345587684708
713.97464813238764,-555.85448615992675,-1152.8113727607079
499.06968389064554,-390.02895790797692,-936.45778276777173
578.68387159330018,-599.94871630653211,-1143.5472388309038
498.76346791852882,-20.997899792250927,-506.04922875358204
484.41646356430351,-12.764069759992111,-563.55779753913862
406.82450760551825,744.98868681622685,-642.77191398693492
642.6800614327841,-69.857668955378458,-375.36033294756959
399.67132457836971,732.52880593807606,-643.59399088718783
643.14923881775007,216.9309824979841,-375.10904520349288
426.43370084493677,722.84222134192942,-565.90268487243611
459.26092175808401,287.39569851454979,-523.05825534068629
407.30148361119825,684.25390611850526,-634.62339111356357
575.0985588527144,-504.4926894911722,-686.65876906342453
488.28416443731732,337.43841469904874,-279.88891174818707
708.77984400734658,-469.47923389307493,-457.4405731501613
474.1896124675099,315.5250070515865,-301.35289063358118
777.21603506634824,-443.86756506598829,-448.92379432606288
492.71036777694337,-263.96081004885997,-626.25092331161591
597.73034793983834,-603.58791016540147,-642.77183235171765
493.58735382369696,234.30082613923864,-255.89328784197693
617.56712126243394,-549.94908607335412,-498.56273269546983
516.80164631933837,353.40367374220978,-238.31187915946003
729.0169587959042,-471.38105276779851,-298.79348824548703
511.49954439918724,298.40219094745493,-199.70177002651036
748.80611431774355,-486.09409455351931,-325.96209273165164
517.29840031862295,299.0680466573786,-240.94665445428069
606.9639030066993,-524.32916799588361,-477.33448692019635
496.61567108057227,342.99392824351429,-225.26789542228619
815.34312634522098,-370.58301323537313,-936.19535051288779
799.91402590920165,-77.28260833392109,-992.09212598901138
831.24182994072237,-241.58914667462528,-90.102715116283406
738.91034080600843,-71.463317411725797,-446.95157078084196
843.22463873263462,-304.98951569852255,-184.19422301744598
769.45257992042798,-215.77232125293472,-771.57495062566522
752.75824067719191,-111.76498208305681,-476.65232165786239
809.53196219039023,-89.308748551560285,-860.03498175917935
758.59037569001191,787.20285131144567,-556.65478771844346
755.39120090178483,604.66258773643835,-521.49373107205997
773.83927010071545,501.94899637248216,-232.99693029363357
741.02875395947694,191.27367870349258,-303.06488020507686
776.2113369659445,765.97545467514215,-207.09239999571039
759.61089293840394,437.31694352619877,-299.85722444007916
751.16555133383838,681.05546509869646,-367.21512451544334
751.98255206138901,371.49447359155363,-522.59333621866926
859.32348083120235,51.203931221132493,33.828192336570773
827.27372939824124,69.207299839553983,-399.42256592203194
822.44400842175901,88.319467847385297,75.633184919057413
827.34728973815413,2.5747732935117811,9.2167582822067509
763.48514101532999,60.902017860421793,-287.26303923963923
856.3135963517642,-58.343837582822445,-102.62281134934241
776.86489568169884,85.08101956158778,-449.73425201813836
594.46490608242163,207.01823794366999,-627.60562088254403
589.19190039404612,285.59135576314873,-692.51994562514562
644.22881452598904,152.22622281103165,-434.85889113531857
597.51091109298636,210.13075646665632,-695.50465507037438
681.79630126841346,148.04572753551057,-268.0247612887315
608.32374245950359,231.41825820839222,-669.81226034430415
641.76716486507883,172.63676792798432,-494.4850653338803
621.39652796211396,255.36631448874292,-649.84524385694419
702.59502549819501,-417.12648876766985,-1157.9672876277077
599.61823432526103,-296.28524298303353,-1181.8612558684129
705.03100181911088,-427.36082602684667,-1099.3643678995445
690.37278425929003,-398.28905777418373,-1092.4681081726478
754.57306147951761,-487.64877934809448,-1179.6017247946768
694.44119349540392,-406.36654249876773,-1128.0311458626632
741.43660597143821,-479.1573346011902,-1138.4217354200823
692.74995208723806,-387.54488300732868,-1107.2763007392975
616.17155542870444,1151.3704943189457,-507.6583212531711
584.94066996433105,893.49537909055209,-489.04168795195767
620.40431424202404,1016.8907135933122,-407.29106342106871
596.95044890840995,818.81839322779365,-457.70432357142511
617.18019589660264,892.77647291445783,-332.29732803511195
539.94313678428296,906.98448527415758,-420.5154961924049
596.25752866582741,841.91729576030252,-430.15296409165143
632.370335002601,-127.29206467158019,-751.07889858826945
886.69628100582793,-339.40542453552507,-274.89306976301418
716.3868076791623,-126.73439023966584,-687.21555762835703
891.8034778480669,-246.95443467039581,-437.75161756964576
721.62927674337732,-150.96845794549191,-676.76314781950998
889.82575318675867,-325.54450949605661,-224.24500447216315
649.74300322943134,-160.95217421607651,-764.77834366267609
763.53738658015857,-283.39072567518156,-213.35461319477184
708.18672599497427,-192.91060042000834,-432.33863651135567
774.62507208922671,-285.84447276912834,-142.38762227742831
714.10159907984439,-224.65795790464048,-447.19999617074978
779.07811137026476,-289.32269196344555,-133.39901653756209
727.74201876604491,-199.02906843793505,-398.86236086540646
771.98515314398571,-287.05052816650254,-158.23029435410712
714.83408802155748,-189.06281884051802,-421.98790332619689
-1528.556451610264,-651.05995872088874,-659.53208104779446
-1295.5831421159637,-168.94497525319898,-259.39120832554528
-1365.5071134261416,-790.90067296418283,-417.97983185133256
-290.49814156668162,-9.0009052726422691,-311.19376309818887
-1433.2269140420078,-692.82823505290719,-559.46576229389257
-1506.8959370850653,-329.67313290411931,60.216393182733924
-1499.7788063454418,-612.95947700418435,-563.07393353956968
-1603.6455336571942,-422.44921730617409,-336.3189060704139
-1759.545253329195,694.65297539343737,-524.47826378485536
-1729.3021714249139,633.4524400963262,-382.90151435323907
-1545.5206172761218,582.43129703335387,-197.97993089422013
-1595.9674145831077,640.68256846364875,-220.56722725533669
-1715.5733847698907,820.89173049830208,-354.4085152293145
-1692.7506660614656,731.87261201580327,-459.1983554907934
-1735.9011966348914,744.85435392347279,-506.38048739040914
-1501.0477946812732,291.34435397177322,42.25139231933818
-1639.1707391493064,392.00635891836959,-281.56044107798698
-1399.8156698632586,-171.83226598709481,347.65457834414366
-1632.5485428229902,366.41469494901071,-162.77031094894468
-1431.6042068441307,177.5925478493028,297.28852064965577
-1620.3374038776844,337.28075869910646,-126.50778237764976
-1566.3248060765986,425.21753330754444,-83.971822938193
-1641.3277827210404,271.12714779762752,-170.38479360788779
-1388.065845030631,337.94585878962801,356.08982095193988
-1484.4091665317787,126.23913787190037,237.12229654848497
-1420.3718463063292,-103.28103387604348,399.85088184376576
-1494.4515179694138,-27.42730856154618,226.1697316132533
-1381.4054569177745,-159.27544873886279,443.86442624185742
-1503.2116851355202,200.23436283303386,214.33643083312029
-1445.5876440474151,-103.62560982774616,327.14806344712423
-1439.4215372630376,242.68165775201035,248.05971809623674
-148.59643113876203,-661.02471947944639,-622.37412674470499
-203.09837881714088,-371.10298631125181,-529.52434342004767
-131.69591182022666,-644.60497878473439,-507.75598202850591
-192.91970727862071,-290.78408284114323,-448.81378936304924
-119.40854708657491,-625.62953415672428,-419.04940740481464
-172.27779106388371,-295.531592606581,-418.52966824330286
-125.60998600774522,-671.04200469420675,-494.71616438824344
-181.79624442024206,-320.51371622808182,-440.47092088088834
-229.44125255619772,565.41617017201293,-167.52201251343735
-275.43128697765252,897.07869874324763,-214.16861175777959
-192.82332007847614,619.12261478864036,-64.132941938950665
-263.28685409868518,944.75134150809731,-216.44962556491481
-173.17135087813719,619.90810401725196,-6.6239102455751873
-270.53721789961588,972.50856909253628,-247.56251814827229
-194.42455778628073,669.72084940204775,-71.012021500851674
-250.22229663241993,933.565351773109,-186.92082112500057
-154.58906265106231,-116.16416779505404,142.55042381073952
-291.26280742551972,177.77803384103157,-151.68631029354566
-151.62986989321712,-90.324813714887,185.67205918855069
-286.59339942017061,158.2532534623912,-139.1416642005355
-160.85059367801657,-87.574422969923305,211.92929269241807
-290.64094836010457,149.93380227811087,-112.58074519319051
-147.03718515152394,-90.412737301392852,188.32019586389524
-282.22733346169116,183.1691634026503,-139.20847915993863
-134.61049303160928,-374.22977799214385,191.28065941523147
-256.18146119091296,316.27266973684726,0.222903457267393
-256.48920044562328,328.76689520372616,-7.0072756765711466
-148.74552459026569,-414.63174533099607,163.56762359947871
-263.53373404184964,325.36058793760009,-26.460778822223396
-154.33230115088668,-362.62465474909067,193.7637547815942
-252.14400772938029,329.94523384753512,-7.7607752666965037
1169.8581339395814,-958.37286630136384,-463.58839224654292
1229.4686237089493,-731.32184331809583,253.41276426712662
1405.8071798617107,-621.96490650372641,665.79064124662273
1290.2110178103792,-510.11491521086873,614.58484725464837
1471.4636958267727,-494.83825416707356,803.42973177659917
1290.0272024115434,-121.61611729020852,806.17931859326006
1410.2092653693439,-767.3532024482264,519.86082966002562
1319.323321831856,-451.20972518188097,648.3082668441632
1200.4952077710686,1006.346246549029,458.97314924219137
1214.6538176177125,300.84453543991162,628.46249888324326
1395.678683982901,456.85095155979116,874.53409858263751
1209.714827063616,12.754299974496394,588.20524141253304
1463.0346231979272,82.760447518543899,984.44271888321066
1274.1197795715273,-261.40794254861299,625.41438274096447
1383.7939551605753,495.69163097775925,892.7902362972435
1287.3019709495272,-153.89041710005489,646.98243345056028
1269.2327402078774,-338.72879986209483,743.63044608642838
1192.6741343919286,-242.84531340434341,588.50212108458265
1405.6963325747818,-106.7206711737828,990.80002853460246
1225.8361042544229,-100.55009195545377,592.21056277352227
1433.1450557586224,-14.885619171737988,1007.4256072963783
1255.6214302536985,213.87387532593141,592.89027854476137
1372.7047545696432,114.78866338013118,992.57417896407526
1263.9398468892907,-7.6312037291116335,495.56087919163122
1321.745582059373,-263.33184078307005,779.6245743480581
1318.9125542647116,-41.769485968699875,523.46597120127046
1370.1704876476269,-77.098782453951216,886.88819326508008
1285.1185646144465,-118.83915812107557,501.65805143074203
1411.7368738899693,-166.46327460350301,857.15309381973566
1266.170303187627,-478.4334818823578,213.89356551662951
1373.6887485315663,-135.84742957295509,902.33748159821823
1292.665969829751,-233.95984028036679,470.62070674355368
618.61625589177606,-620.92497142402124,-1208.8786397232045
670.46778160284691,-772.51879627363087,-1079.8912649475114
686.22104015613024,-687.70129533883369,-1018.3542950864578
697.49606165016576,-786.5212885363452,-898.57662272569246
729.19040854366426,-725.95408619819398,-830.37021471586399
710.45625611225114,-720.69074179403719,-865.86918512693137
708.44880618074671,-720.04436343717043,-941.59741065248886
683.52863436985353,-753.14554496238566,-1030.6999909265758
521.60019596444226,1417.1107782126021,-552.69328576623309
534.01383611723111,1247.7039767221722,-401.72405677132912
590.31775212046693,1511.5887866925073,-462.30715695380542
557.61249512553786,1277.1234265615994,-308.2230673220476
629.72996247039248,1544.9052460308853,-434.59875338945415
548.98749070553424,1342.4261912646368,-417.08112755635398
540.53538326945807,1470.0925359833855,-610.14213319633882
543.66722084668788,1321.7423125429527,-421.97225216248881
820.47759509890511,51.012651821625383,432.02321181766359
709.95380761446665,-129.96773749326391,95.788235467426475
846.748380771401,13.876983081556219,635.32450139785533
708.44305328439225,23.991012802995112,212.10698497337071
864.22033420331468,-152.32060626091797,556.86966879470981
733.48298921778814,1.0584969794899635,234.01245566170371
811.19201564539094,333.18849455851591,572.11918603991398
694.05744641891465,132.66812503523749,381.08467401308405
623.50182725473269,45.614456430578407,39.305818908034936
720.97628892342345,295.70568676025636,508.13814242344489
657.80287029224917,74.610852774245828,150.78234243069113
754.25818266128726,118.79947214270118,484.80845178052544
649.97149846405978,71.306435898212868,133.48735523622233
691.51188857206284,215.58941979333562,370.99057427977385
-422.78583665979858,-825.70793965719463,-724.22054563868153
-417.21311869401757,-667.09589623145416,-26.108349685674305
-282.80261079520153,-782.56668377404412,91.126064060221324
-385.48031711621297,-598.86846924915449,131.35610116372843
-276.33687045468707,-630.33047380146547,300.71045117468384
-408.162962246208,-696.85394598414155,-29.906378496379226
-315.62734137482886,-861.79782431308013,-75.790272370597975
-394.48146773968796,-583.07444431869942,115.79607737180207
-427.74280509334727,982.49641548382283,131.72561028737715
-369.41118033073195,868.05296921491345,298.41938492613394
-481.32408936446996,930.960694328866,125.02712860561996
-350.3981987177616,756.58783396364015,356.86028429923505
-501.77809452464243,1045.0714169945836,-73.435266598507056
-380.58075179701842,830.60844987384132,296.83271712732829
-500.80344674166264,1000.6513674298627,-26.97900007935764
-535.1862674835163,47.082779595127327,422.43717361801191
-336.48805894068096,-157.72353049045429,701.07444823756884
-508.31468952294682,17.31652221864735,436.55243079428521
-346.64289129687205,29.777887117798521,711.87027136243319
-525.35297945329387,142.36127630770986,441.66286312326565
-368.58579899109162,-263.47624864581638,657.15356254414564
-513.43305954088123,-42.180012618586616,415.78446659066668
-568.7705943928687,-343.4985686120304,371.02727348071238
-626.18812153625652,-153.66765230834497,167.04470413929718
-452.93263051532898,-289.10581861985378,451.63556603889015
-424.15761617667584,-188.33565686926494,558.97833251550003
-531.63937746632814,-333.01166572409386,297.24220731256207
-580.00570416241601,-166.19093194019399,177.77640647884877
-378.51051882298174,-746.75160294848115,-0.85028862944533057
-441.91044313966535,-378.86107086484975,307.38251387001327
-373.68384184358894,-577.84606792994236,414.2395267361876
-448.74213996439352,-377.96823007099471,275.0954422919263
-355.37984671167982,-657.74869955911697,349.25516273222092
-438.74029987046515,-343.74805897410118,329.42330490538598
-378.64891172403787,-686.03608664606134,132.26308006676464
-463.40979580677208,-371.93692553109901,272.01624358913085
-436.49426393836563,485.96114249691703,482.47035115972523
-471.31033746520495,441.75851624142786,319.4804880749773
-428.60787922810175,376.23173282937222,527.52886216108311
-499.99436942132172,331.42807629068074,329.05535716035837
-412.07655711532249,135.15306262389228,662.27440297802571
-506.01853678149297,316.66508462944512,352.1823712737658
-434.23435959057326,455.84970290159976,503.61965143646074
-506.19714771171778,271.49953717937706,338.46972307745841
-452.71726847604492,-205.37192927205965,582.02120664488075
-567.16870526765865,-63.757597507836266,353.03417322839152
-450.10355747605513,-226.4408167156308,645.38471775925984
-552.49711303031904,-73.046020940662146,377.57821946239767
-380.35172869678593,-469.62568268317466,495.30120658016227
-549.2306018713715,-57.836899075868089,402.39328047951386
-466.83679168537066,-230.36018365727304,579.76786393994905
-549.38321817862357,-87.522854219887748,400.28611782192104
-484.71189795142215,-191.20431394839272,546.4608766421976
-528.18313768428959,-89.51428805557785,302.98582370472747
-471.81563846072294,-206.4353556350508,554.89165208446161
-504.64948196571606,-128.10747432650061,320.63586796153731
-445.87787117858056,-185.12141364954874,617.04892939982381
-518.95818613154211,-71.822116549130982,303.15044614875018
-489.84903451376368,-181.34153692746085,496.33683365234384
-515.4168011470382,-99.610042011355361,242.09573409924411
626.02300515285765,-143.44201539389613,-88.59104372522917
756.79295106492032,363.20170913821971,401.56059001927821
608.35127257017575,660.77076547918523,159.54602492656724
786.40514145721011,364.32060949433924,387.12761347387948
592.0805781903241,487.94705777924872,165.4182909900598
673.50980212795787,-199.85317233442419,59.355464967185419
646.60548073838811,338.40877606642988,141.67849046871032
667.81360587464997,1101.7071134390558,-461.80371033603558
552.51824404899264,995.61676382693213,-510.87456053469674
801.98743645416562,1298.7397282432983,-69.394946356965406
655.79999318843181,1215.619758211157,-323.57209748676632
857.55926286294653,1234.6112197327438,-11.713553571528285
658.18187555751206,1125.1549988791035,-259.92044493326392
687.19547700375801,1086.7562085308596,-525.12909012446585
653.59867306045408,1157.5220513370361,-422.26344131214699
481.17351761389438,575.65089601417503,190.98592709480047
338.92389492812765,622.52606090473398,1.8004675343540897
603.843570608199,609.64553087623676,318.40939488827621
376.64369115849513,630.55376770821283,35.045904544078716
621.18135369667289,856.77060826303773,227.79676414285504
360.48593934307979,584.96867705990792,32.589540000370093
484.12295769451248,731.91829882063166,252.55126526422112
359.58075825439118,652.71604191480264,32.789938691049869
347.46430987729156,574.44389790711023,183.64159407596753
311.11390144079644,899.77401787311476,-56.036788229361292
556.82171203829034,693.92999607277034,281.33963497206383
502.2125428900747,917.42655818678793,50.264559659089542
614.92771438363411,582.85104597399834,354.75550736500418
524.01224747687411,697.83468303390578,101.70765783860038
351.91379863316547,985.35513625673343,122.67842008542698
461.20625209843968,907.15207285719612,20.078903389230277
802.4695938250012,-423.43160990955749,-193.01765517452984
1035.6019123406572,-441.42263657965873,618.47335055386884
968.4380258118216,-1013.0460539745413,219.48970910883546
1073.821367634031,-468.49752112461607,611.46793236046801
978.74950622270956,-950.54601284156615,366.71603059072623
1080.3701278517874,-511.82606342507529,552.66816924322939
952.91268639407394,-1030.6260332227944,98.539459851088836
1072.1821885518691,-476.92345685381633,605.67626565818159
1128.6821304786033,-505.38476490219193,723.13281945686322
1249.4283485957387,-726.95965082183284,139.32508102868098
1135.537220192741,-382.15644925701287,815.28269698371093
1228.5799251915307,-791.54550888664528,24.876299978479981
1108.333832474364,-446.54235282741666,802.10489406213185
1233.5549595785656,-729.74123112977463,162.80071823999253
1099.7663284113517,-152.77256554247654,828.04770729652012
1229.7441682637216,-770.896686619918,59.749546437655944
884.21117332985625,-995.76219832845152,383.83003727386671
978.76647708417852,-775.25089185642628,352.81097284085507
1010.8579222860045,-366.04388607643983,1086.349708382771
984.65390346101265,-693.12362961118254,484.64557885968361
1048.491508222844,-549.51197566869473,1013.3658749979793
916.95060243733553,-619.31586528639923,471.86782678500634
850.37888081139988,-497.34430277240227,774.60900487187746
984.22345068460436,-767.52719446347442,411.86516740099734
968.21977222019461,-941.97556106661841,495.47275328439946
1035.7703513326569,-1114.7179506726497,-81.478929371577138
959.43227312821728,-780.69083869722931,722.7381640776224
1037.572655017304,-1117.8990603537063,-60.71920952760621
960.99203487066336,-584.49579350023714,873.17739741891478
1034.2299742743342,-1087.2209197737743,-11.110481649386934
955.46740842135137,-835.77506873729351,639.56454185832069
1028.6683245421884,-1106.9030388810665,-78.809452532109347
1274.6963939594546,-664.42665859153522,-706.36096576793932
1131.2284153155028,-479.82429290640459,-1004.5889506554183
1222.6079093030794,-336.9040512151347,-427.4738319500596
1213.7704091671469,-553.07547627851216,-976.24047371197946
1318.5008363387783,-111.5910718449114,-75.773898867378463
1223.3812333016563,-467.60892860378203,-787.20125267887363
1289.7671469073159,-747.80944548531477,-910.60274953468138
1225.8653539188692,-386.36562282064324,-528.30664670004057
1142.9346298434684,1179.7003927782077,-434.26903954778567
1076.7031358322054,700.60473934512663,-396.96045626019128
1159.7571247887397,1185.2837524771692,-483.74884168125919
1144.700391649254,1075.742298799061,-419.24887027702732
1195.1606947141429,1259.0290019883253,-587.3601954856432
1140.5140905288984,959.44979314583793,-302.55886343598854
1194.1665591727326,1253.0180208459124,-452.56213239878707
1159.2490873508655,986.06356810308841,-294.05822024954887
1270.1628455733655,194.89463229141612,115.85407128260313
1074.2770709500282,-315.27713992306974,-478.78267174060397
1169.8492824032253,876.94378802765584,-155.42683713454909
1112.6498010978844,512.72421825591971,-249.01182319412851
1249.1703085210943,750.46792411374554,-49.402246796496549
1161.4796345729155,-193.2884786149763,-295.57568909829087
1277.854265239331,393.8314956716988,113.86283051566959
1186.2513451008488,1.9778760222591734,-66.586367072462068
1340.2644680157557,-122.72858813166344,244.79453077857664
1210.1251226453858,-436.8221658607124,-573.29170451260723
1314.6210231303721,179.57222905759377,255.2930151036237
1207.3779847464373,680.44322915830423,-106.95879241719049
1326.019637266711,267.40532614470277,294.43700672071429
1292.4969766573215,27.227202609776963,-86.486803292529288
1352.0901800516542,-225.80785046240794,280.85904229603784
1294.1500507591718,-108.46098646329294,-175.65066269115792
79.639127839069772,-696.31675062525017,-1030.2831498588641
128.36816445072728,-804.57770600460378,-953.34238830678157
213.75448076993106,-893.24970419501392,-863.87391028647323
153.79751425198609,-823.88012308256668,-808.25302318878505
176.42616832093165,-824.3853241093708,-903.62018040374937
154.05816712113145,-795.48471236942373,-842.54648620392777
144.54479522899555,-847.29293796184891,-948.66313583661565
51.904217056616559,1368.4081109191313,-356.22370713261876
21.388453060747299,1358.7019862529507,-308.45982738973339
192.67148942722292,1361.0927398219426,-63.478884702253964
77.880097990025888,1295.7653281411131,-182.0839288361764
254.752337330508,1139.8108113814994,104.94092418949069
93.826363372325218,1409.3120702305087,-121.14418042246452
62.047861837711636,1423.0947215578085,-357.49569788795554
58.376968552790821,1421.0025410227684,-254.254202562481
368.72318858239419,78.223926843382088,842.17041708714646
231.95258795066442,-97.955605207962506,540.38793554341544
408.45726589791519,-269.77485333187877,861.61029899184985
234.57896649382451,-58.17195608880607,581.66235829871596
398.62290786251839,-61.10076311067246,923.76781761649374
250.69583168785147,11.358171408559373,584.28125344266255
320.19470219696854,417.23040418250116,869.3698847484925
254.30319008313728,-49.249685314321589,576.68786378682694
314.58024685017801,-139.00004523252849,802.45780933576816
687.45468664604289,59.976479688867805,-24.956883082232125
341.48870837885369,-39.650177966229641,889.97770212530895
276.95845947180004,-104.36201156794034,581.8856455959808
384.80482077220802,-310.03070184531236,833.37020653671311
259.40035469828621,-72.780822165894264,576.33488368723454
453.02194285418153,240.05590317065068,741.9335507978999
261.28238120593602,-87.975793040562237,556.11628624417051
-926.89290048208932,-637.28409561222088,-237.36357549465779
-945.79932177904027,-739.44974631119067,-582.50380940532341
-9.5546146120854516,-287.1995319117583,-457.37271993623466
-961.12288312917303,-681.70602670902031,-234.26870719419838
-1038.1372558358585,-749.73891664061614,-194.07045296987008
-949.63997686482003,-738.82553035527837,-492.40735488261129
-989.78404746457591,-800.9686235626416,-236.07477834351619
-952.89097388682933,-745.1750302858344,-483.86828950734559
-1116.0645142437158,551.70409351575961,32.805191067122287
-1072.8006805938694,442.27256686445946,34.022961710293671
-1034.9439110925682,305.39956245698858,113.84266040343871
-1050.6166429812076,279.97548102091145,237.4294978060409
-1088.66813684116,495.75106353861855,35.643642768001129
-1061.9465848427774,403.36500869271191,57.910881927098586
-1075.5629503199918,-635.07957033978334,193.8621323022968
-1096.4080747265541,-583.52298004986824,-76.442682408489645
-1119.1838866895655,-665.95729231742598,194.09323577053573
-1120.588183376208,-531.77976844803459,66.630691835980599
-1149.987219517903,-529.13768540815647,352.00829503633895
-1115.5287738505594,-579.68560036639246,-83.054166626784095
-1097.2756559138516,-649.44024835388814,248.38855126265111
-1120.3387547714608,-517.42458872857674,63.066426858167326
-1228.4786826749125,-254.90595116116123,127.42594966001781
-1197.0812495550999,-517.44013474784151,-206.72333739338711
-1266.0103260700087,-429.24206592287851,119.72659138300737
-1164.5028623286069,-432.70084013976617,-40.437131859684655
-1210.057342814923,-526.19084508888852,151.37644443346906
-1186.4748337603453,-489.34998378951917,-113.41075792599358
-1210.1123961417975,-443.70733710725534,190.69236835606893
-1169.0932850639238,-578.09357467952498,-298.79833970829441
