0.0070592011617254284
0.0070609914053941722
0.002587600935390625
-0.0018715068038905062
-0.0084150956162496755
-0.0090818172589400073
0.0052953703217371237
-0.0085323229934542617
2.6951648739067145e-05
0.0031995481549486142
-0.0052331383192607975
0.0089728786342884448
-0.030825418397912668
-0.020325970816330505
-0.011781303261637831
-0.004838311708412312
0.021590428744839619
0.0038694574860664009
0.029174902562982361
-0.015717715502281546
-0.010008687727031521
0.01217392910056225
0.0023685354864223678
-0.030025626895146821
-0.0049176911101608467
0.012859861308496624
0.00022896281119674856
0.0041837465254791848
0.014692061072858769
0.012906084484261563
0.015242489150370983
-0.0021381684020012615
0.01952835724972745
0.019476101179693051
-0.017014098334559916
0.016353759262789491
-0.023245520881330591
-0.016067673256817482
-0.017200542270643684
-0.012021254594371087
0.0039867869672296401
-0.0033742884299443371
-0.005224436872301683
0.014717180120830625
0.004046373084834712
0.0037386354823739703
-0.016842819693379536
-0.0061697731993613676
-0.0024564792723428988
0.0053464005070935341
-0.0064876250560561765
-0.012099290685471066
-0.002699859478303865
-0.0029460881355663415
0.014206531315451907
0.012630423669137865
-0.00020779728337415725
-0.0023076096833468847
0.0052739839785897321
0.0076765835689564434
-0.0084459670958535044
-0.002077036322469934
0.018361798024931847
0.0031805890197221798
-0.0064719428088954329
0.0028458584790248399
-0.0019777098325749263
-0.0058612688352021837
0.004645685459243193
-0.0072566004586487268
-0.0019697819574378988
0.0032117861006421881
-2.5840652431653461e-06
0.0084515343192128559
-0.014783601086769786
0.0031038148631192686
-0.013740568140688907
0.0051390023766570642
0.0051352479805343628
-0.010743498061580856
0.015834221110339983
0.0019997802491894443
0.0016222305113650654
0.0080752988155782888
0.0010816607495032081
-0.011585379304134908
-0.0030154235932510231
0.0051433999490260529
0.00017000423803426336
0.0024926300067247787
0.014987000196547336
-0.0054250276606869711
0.010957155453349339
0.0062083659348892532
0.00039693131165069445
-0.00050781104944452253
-0.0020431082681576038
0.0042833768480753619
0.0017800867891524037
-0.00085440794940527321
-0.00064602738419564977
-0.0013837398960172809
-0.012532685582748899
0.0060449324768887206
0.00025666009154573532
0.0078980866106717201
0.0084313832202247471
0.007914439910543733
0.0022273656217152264
-0.012232407576604282
-0.0063516188915446305
0.0035741872055220047
-0.00017426136996382145
-0.0022678516453289053
0.0028073966798023682
-0.0013208340577295318
-0.0047666848300577111
-0.0052931306401313074
0.0017896672130686864
-0.0026095874620436911
-0.01525954693536854
-0.0053732246967724143
-0.0023576053194488875
-0.00057123258711744523
-0.0030568196724990002
-0.0017369606386282526
0.0022717699560121851
-0.0025446184911564586
-0.0021947320476508108
-0.00015059073740562805
0.0013514789896064182
-0.0015928079251230523
-0.0022809817399750913
-0.0049427313081758214
0.00031276788608163275
-0.0018075184869401266
-0.0040217380538888521
-0.0026897440704303421
0.00032800989081933289
-0.0011255495227049384
0.003731629028519846
0.002683324411868518
-0.00062859797069661938
-0.00030900126461352742
-0.0046645374386076882
-0.005240986595645019
0.0032686367856758162
0.00049690432268925438
-0.0067267376641642019
-0.0029633544889278722
0.0032491213498575576
-0.016088113123993348
-0.0039096801178556077
0.006673223251275678
-0.0042665215421901726
-0.0030337993433396811
0.0059013024116892172
-0.00012070286447811035
0.0097740105977051333
-0.0058998653645955645
-0.0038078776089223044
-0.0030449127383015548
0.0022206820934859246
0.00710168922438027
-0.0018584208350477375
-0.0029089644941374892
5.4987084161642892e-05
0.003046218863743387
0.0041596778740497697
-0.00015090968891221467
0.0084641906494775983
0.0030352645812671765
0.00050297802794678666
0.0095578248283309866
-0.0032950595525698908
0.0042532769312258467
-0.00024691326829085679
-0.0013221124955489563
0.0004718505188066199
0.0034183690284374461
-0.0013407973126783024
-0.0048786591789343947
0.0074584403612510753
-0.0049101774448929193
0.0029953502787162111
0.0016863374452432587
0.0023491994360174983
0.0048216508567160915
-0.0019028863772934527
0.00093734475500420564
0.0010867663071085511
-0.00071912694750211783
0.0044049965019145208
0.0023171659895240902
-0.00036527097356771863
0.0016850780178225119
0.00022426604030698828
-0.0032944255930549937
-0.0013911395334927615
-0.0033444822069829891
0.00049804742360017886
0.00047412118769602212
0.0041219930808373941
-0.0071488997437023074
-0.00083370481111284551
0.0018035496944952796
-0.00064559364705719534
-0.0033513826150070908
-0.00065470475622728087
-0.0067176328036428435
0.0098669832038432003
-0.00098616096883697118
0.0026187504332533334
0.0029787164336475564
-0.0077115077029512999
0.0020336078615376721
-0.00074896318369785484
-0.0046595092560301893
-0.0022950149948748702
-0.0062874400346841644
0.0085111971815918994
-0.0025314183319906209
-0.0010912370655624074
-0.0078557068950982183
0.0044858712350266255
0.0031873659624508124
0.0030704542109078882
-0.0021569321899638991
0.0036546650930239745
-0.0037694900287113414
0.001174610651100769
0.0029660470986033801
-0.0061672303543046161
-0.0057978938681533488
0.001040067120038756
-0.011119632238188678
0.0069790897219231523
-0.0041188662224985262
0.0062934668309088636
0.0072934510124735485
-0.0028189572676681346
-0.00038220063855157692
0.003770069106167377
0.00040333353287146253
-0.0053581241313847647
-0.0007967182483792645
-0.0034711947434352638
0.005946453688231098
0.0077522015436411349
0.0042140977988805632
0.0036928242381387985
0.0053526010206666778
-0.00073892139073720043
0.006090885826178164
-0.0014761628006456089
0.0037993127046519371
0.00052218836291653161
-0.0011110124560612005
0.0022722859612668111
-8.2743206137547546e-05
0.002499182798528191
0.00069276458873350369
-0.0027854104754557393
-0.0011771481361612505
0.0030349521806916822
-0.0039088644575268434
0.0029671590850140908
0.0028826960365036167
0.0047412572903138958
0.00044732368051244697
0.00014371259134547269
-0.0059132367662383207
-0.0045699850069279889
-0.0054702452642147008
-0.0014971883931550805
0.001840409463868256
0.0023056977464977185
-0.0068074278557847629
-0.0052549522514540965
-0.0022025044416799904
-0.0022999840581582392
-0.0041043361511421206
-0.0011491714952458921
-0.0026355802442191039
0.002519858142989947
-0.0019541386033787573
0.0010431701934799662
-0.0051577110344222772
-0.0019869113776833439
-6.1875567424743029e-05
-0.0027853592745575606
0.0013724579050179481
-0.0039910771373328343
0.0028652788393111672
-0.0036015192256945326
0.0036447948057935328
0.0041336402785976537
0.0026131792784174525
0.001008439224340155
-0.0017159370524702244
0.00016323061020498235
-0.0037880877767236705
-0.0015981750881307376
0.00032080958516414828
-0.00074443592873873945
-0.00090796482928101033
0.0047209856020895488
0.0067640434210830607
0.0065787618941130967
0.0036009658844945356
0.0012927875195511542
-0.00084781400329142964
0.0041084269825355626
-0.0021390335123101577
0.0033138812894507028
-0.0063510938872452976
-0.0066294688902129818
0.00184588750605227
0.0011575787986368628
0.0022210957574105451
-0.0026423163324626633
0.0047705686671024117
0.006929388424771912
0.0015242695294845391
0.0035569942769477928
0.00074346512955939241
0.00098952499112509962
0.00022066862910170525
0.00090195149306275589
-0.0040470806264534791
-0.0042370019260397586
-0.0026541419947619695
0.0017787318985736384
0.00012276043823015995
-0.0070892288014967261
0.00065533213791760909
0.00023650469227218314
-0.0033400393333407616
0.0071687258613319952
-0.00040840819283086561
0.00025725518079322031
0.0013877579013191019
0.0018556431323426545
0.0070290610916004317
0.0015485011409518889
0.00012639051785427212
-0.0012300274346040163
0.0030967718801885296
0.0083364861759173282
-0.0064758047755278094
-0.013110908512239478
0.0047483293708761179
-0.0021598981624591815
0.0017137379210221682
-0.0040401509790442564
0.0031474246930063604
0.0005820939419446553
0.0029067265321440529
0.0038193486669893233
4.7562409464966202e-05
-0.0026550450550691098
4.7474771518128396e-05
-0.0018568684390962507
0.0060296847944198003
0.0051839291144855368
0.0013471285250962865
-0.00015723738607100588
-0.0048275693881604607
-0.0080342372165550496
0.005274353660488184
-0.0014343701649306361
0.001081848138489684
0.0014897814456350526
-0.0057806408179506431
-0.0060435622272390537
-0.0031643309205844901
-0.0026036534847277883
0.0037358364962554644
0.0061867141900708716
0.0043515064982235742
-0.0016097610745467879
0.0089583076870718252
0.0021509856497425924
0.011008384531800412
-0.0010795368924425783
0.0066537594895788588
0.001881169187463172
0.003153227132462846
-0.0018938568176509159
0.00047649800229355305
-0.00089457308800498195
-0.004122614939856801
-0.0035115898650117934
0.0079327743830387883
-0.0025108800152506116
-0.0037406346675002257
-0.0071764668596688598
-0.00020177470813915064
-0.0004376955262162535
0.0014310603596901672
-0.0088672913811586856
-0.0018309838633642267
0.0021099632283069162
0.0030444563770841374
0.0013578280285011354
0.0065575071141853033
0.00025214355279840674
-0.0022171041661288612
-0.0051813139066629911
0.0036180094888315075
0.0040009252078401763
0.00082550270264185115
0.0027102828258578782
-0.0026763273771313223
-0.0086560052307587589
-0.0035189113672893469
-0.0039953131464801348
-0.0062385225496386469
0.0016739178663822346
0.00043636025653995053
-0.00021893470265196653
-0.00071745174129694302
0.0044573342136083509
-0.0020950166675013098
0.0081741649987185864
-0.0075106862879868079
0.0024329733128465023
0.0039879722208919586
0.0052388608442557614
-0.011663029927382031
-0.002505416839039605
0.0014081941077174927
-0.0066782137867274684
0.0037718210592566255
-0.00017377493713237387
-0.01219107248447188
0.00087508206503305263
0.0010327873639103128
0.0021062781380012212
0.0038870951760535842
0.010692698081719725
-0.0033415876592128805
-0.00089686698933986921
-0.0015461698950920517
0.005462494006101444
-0.0021184234483353271
-3.7406769653252738e-05
-0.0034571082831561994
-0.0069716342177667708
-0.0043774143533976363
-0.0018063568493906597
-0.0062627576489260369
-0.0065863647483112853
0.0029081566866596864
-0.0015870761760540689
-0.00098833533787312132
0.006066505085905464
0.00024800034973250626
0.0031407050112518633
-0.0015093838873773905
-0.0012673058696640478
-0.0016889844626254264
-0.010084474211322416
0.0039501548324386909
-0.0091333449177640191
0.0011738968647227149
-0.0019381753630599728
0.0016119996558244959
0.0027856004161803728
0.0032377609542173129
0.0048694152681334211
0.0044711178358460158
-0.00053715681594218025
0.013981669494635911
-0.0039105833735800935
-0.0038961428476019934
0.00090991800214006125
-0.0078830995579546211
0.0063241262444864018
-0.0037155681059415323
0.0052300155827613498
0.0046761728323108055
-0.010235435425533431
0.002759807669860264
-0.011131234827712465
-0.0020971999012719838
-0.0041311333561297441
0.00014527673244349679
-0.001640398732218232
0.0019942970702938614
-0.00097569177386370542
-0.0011417216473389123
-0.0074274579947580764
0.0036570264671855084
0.0055286035608248249
0.00079839173873393347
0.0043733976762381785
-0.0062233594871035167
-0.0012600856257320246
0.0058446300444117147
0.0043129949425501383
0.0036614134479094444
-0.0014427594443630028
-0.0092206726658488284
-0.0017362306836187591
0.0030693658822919835
-0.00015579998535475293
0.0012979889759575341
0.0068573291247478445
0.0087873545946883236
0.0022525666676409054
0.0018437743054278218
-0.0070991056017408365
0.0016459026699938738
0.00070984235702427757
0.0015770442167070248
-0.0047797926362824344
0.001941943121869101
-0.0025315503389958405
0.0023837908709213721
0.00052324997548137357
-0.00073866115050957154
0.0045959045099475048
-0.003094529472510613
-0.002062462171451832
0.0021938836012076585
0.0018332446368419892
-0.0018445683482627424
-0.0007563720880798358
-0.0042735534695516409
-0.00023209689809954313
0.0026301378838790336
0.01026883179562727
-0.0017246404891052599
-0.0023406618191326471
0.0057046435463715102
0.0044977075962595618
6.2740528050736098e-05
-0.004976201917743491
-0.0027059295435060806
-0.00018702152879573945
0.0062575013769322098
-0.0043287250948475207
-0.0060234850391704181
0.00059936362418505998
-0.0054869992474882341
0.0010810997822583966
-0.0016520275093245922
0.0079093035830432382
0.0078962882670741575
0.00050188671276924423
-0.0031678146775066559
-0.0046796211364861324
-0.0018160966666350632
-0.0074278523553996658
-0.0059412599714057787
-0.0043518626926929965
0.0079786475423813796
0.0068009031007552415
0.0058796902423558818
-0.0041556811368411301
-0.0022324102648779284
0.0010188332376780899
-0.0039881163901328729
0.0033819036119028486
0.0029414295284879298
-0.0045073015360811985
0.0030428611818649996
0.011672064459411319
0.0070309248121256758
0.0017922932116481022
0.0034101712595874978
-0.0052841978693608837
-0.00021316851684979551
-0.00076453601421639012
0.0026263368099180323
0.0082505765850612554
0.0055969307194724937
0.0029950255516863105
0.0044966094709376157
0.0051762194608994585
-0.00096480962105517675
-0.00017239785997249743
0.0028959314093724218
0.0073778597986868038
0.0020490319261625891
0.0012983680414059458
-0.0054328220301694298
-0.0038190852462193065
0.0049087764625930551
-0.0082498342916157291
0.0010359273396739793
0.0057595494950895641
0.0027646407333644816
0.0014976677501612773
-0.0085900288930403773
-0.0069294595425972898
-0.0065839594785881738
-0.0010160421817292111
0.0051405117584881459
0.0045778323481180079
-0.0016581317197889216
-0.0034437860311282487
-0.012198972911040348
0.004758095825542312
-0.00038872875947403777
-0.0046650138514968903
-0.00014151057662133379
0.0097937454195038843
0.010456368496900193
0.001329386853211878
-0.0018376724471366153
-0.00046245907427035497
-0.0068475751418329376
0.0042653829227978076
-0.0054786160028790776
0.0074942454443010691
0.0047739823167004024
0.013666797579225922
0.0020778000235538432
0.00053802312420535411
0.0045861555693929206
-0.0056549874553555139
-0.0065212993552500303
0.0032938086755918581
-0.0057761271584073322
-0.0060645973651448507
0.0028028905750336012
0.0038278160807751821
-0.0029445967954010409
-0.0029445967954010409
0.0050662720949665287
0.0011365195390412753
-0.00094596004803176599
-0.00094596004803176599
0.0025182299094274377
0.0025182299094274377
-0.0043513578482645594
0.00047644680149566449
0.0046017613962744961
0.0046017613962744961
0.0011564271480218491
0.0011564271480218491
-0.0076169217780667877
-0.0076169217780667877
-0.0026029873709490386
-0.0026029873709490386
0.00092480098038558048
0.00092480098038558048
-0.001634810646551891
-0.001634810646551891
-0.005264874209722833
-0.005264874209722833
0.00064802395378448765
-0.0026435237190677334
-0.0026435237190677334
-0.00029060333032738189
-0.00029060333032738189
0.0028530986352545765
0.0028530986352545765
-0.0012788635269531503
-0.0012788635269531503
0.001493524111684485
0.001493524111684485
-0.0038163147074142126
0.0043209081901448929
-0.0037353743666632038
0.0017596287310198357
0.0050301899846063609
0.0050301899846063609
-0.002891727409480471
-0.002891727409480471
0.0016169133326503406
0.0016169133326503406
0.0069531718639526119
0.0012539325579144953
0.0012539325579144953
0.0014134680507612799
0.0014134680507612799
-0.0014994694180555819
-0.0014994694180555819
0.0011203086632029975
0.0011203086632029975
0.0048211317172235525
-0.0072049408449214557
0.0025432548121740797
0.0025432548121740797
0.00012674664732584035
0.00012674664732584035
-0.0022381088291376712
0.00024966871604350453
0.00024966871604350453
0.0024356749497705605
0.0024356749497705605
-0.0017119177081192445
0.00027332359737529882
0.00027332359737529882
0.00083826364181549865
0.00083826364181549865
-0.0023955859729916295
0.0013870850002192458
0.0013870850002192458
0.0020380339171295996
0.0020380339171295996
-0.0055640341767105089
-0.0055640341767105089
0.0023961661818088851
0.0023961661818088851
-0.00031807054240868833
-0.00031807054240868833
-0.0011618267168296012
-0.0011618267168296012
-0.00099556243875407362
-0.00099556243875407362
-0.0010870865518874031
-0.0010870865518874031
-0.0026023277200199926
-0.0026023277200199926
0.00085556226245501598
0.00085556226245501598
0.0010066464387198978
0.0010066464387198978
0.00079465200515435683
0.00079465200515435683
0.0020526750310998492
0.0020526750310998492
-0.0027545071867350781
-0.00062455174098330888
-0.00062455174098330888
0.0023054311400214833
0.0023054311400214833
-0.0016125424713074293
-0.0064397834727966527
-0.0064397834727966527
0.00051038410994241911
0.00051038410994241911
-0.00040317323448675727
-0.00040317323448675727
0.00055620334144400676
0.00055620334144400676
-0.0011874040935781079
-0.0011874040935781079
0.00070210496704510995
0.00070210496704510995
0.0021543929688617263
-0.00079469951169691851
-0.00079469951169691851
0.000333996225492284
0.000333996225492284
-0.00076484021582071083
-0.00076484021582071083
0.0019400916702376251
0.0019400916702376251
1.4455442641654655e-05
1.4455442641654655e-05
0.0013494974206536587
0.0013494974206536587
0.0076781765215881946
0.0076781765215881946
-0.00187725694288852
-0.00187725694288852
-0.0035857973942585901
-0.0035857973942585901
0.0026823830161300001
0.0026823830161300001
-0.0034815276190467734
-0.0034815276190467734
0.0026172379227526643
0.0026172379227526643
-0.00089978233346352189
0.0036154697588538787
0.0036154697588538787
0.0023986888147324273
0.0023986888147324273
0.00012555959543977222
0.00012555959543977222
-0.0028130970731221425
-0.0028130970731221425
0.0006214219058397779
0.0006214219058397779
-0.00093019431365396962
-0.00093019431365396962
0.0029018193388096001
0.0029018193388096001
-0.0018922129470576785
-0.0018922129470576785
-0.003984153708360901
-0.003984153708360901
0.0020280554911999795
0.0020280554911999795
-0.0010476755421954921
-0.0010476755421954921
-0.00024416417203882053
-0.00024416417203882053
-0.00041867845943826447
0.0014211134599886699
0.0014211134599886699
0.0030301462917502646
0.0030301462917502646
0.00096367843223838737
0.00096367843223838737
-0.0047605818509559037
-0.0047605818509559037
-0.00020628218802585532
-0.00020628218802585532
0.0032598927825461207
0.0032598927825461207
0.0032078012086941914
0.0032078012086941914
0.0025732617701272917
-0.0014681973189548554
-0.0014681973189548554
-0.0031880382869836975
-0.0031880382869836975
-0.0026033349332758009
-0.0026033349332758009
-0.00053413459396622876
-0.00053413459396622876
-0.0021533455140461915
-0.0021533455140461915
0.0014278961445348144
0.0014278961445348144
-0.0024590958037301572
-0.0024590958037301572
0.0010284403962004518
0.0010284403962004518
-0.00087669243723461851
-0.00087669243723461851
0.0017243423001263084
0.0017243423001263084
-0.00077206639095477112
-0.00062793926345687935
-0.0033984418774153312
-0.0033984418774153312
0.00071867805217998792
0.00071867805217998792
-0.0024799359952624124
-0.0024799359952624124
0.0018769380539316327
-0.0036463735375475517
-0.0036463735375475517
-0.00019044706096778754
-0.00019044706096778754
0.00030635240399818123
0.00030635240399818123
-0.00064539682360577702
0.00097383338789931099
0.00097383338789931099
-0.0023558261779054526
-0.0023558261779054526
-0.00053289637159694607
-0.00053289637159694607
0.0012368058798961053
0.0012368058798961053
-0.00062404210900614515
-0.00062404210900614515
3.6519748036960016e-06
3.6519748036960016e-06
0.00026196105203487262
0.00026196105203487262
-0.00050427500168303641
-0.00050427500168303641
-0.00064105309080484448
-0.00064105309080484448
-0.0034473701788370953
-0.0034473701788370953
0.0020910982392192213
0.0020910982392192213
0.00027002261079741603
0.00027002261079741603
0.00068951035300836272
0.00068951035300836272
-0.00038933050339143635
-0.00038933050339143635
-0.0014502398720830706
-0.0014502398720830706
0.002061653146552456
0.002061653146552456
-0.0043737389431583095
-0.0043737389431583095
-0.002258888830820776
-0.002258888830820776
-0.0011097985822094843
-0.0011097985822094843
-0.00030571017403211294
-0.00030571017403211294
3.9093570531763245e-06
3.9093570531763245e-06
-0.00079591082790537147
-0.00079591082790537147
-0.00054569902102481673
-0.00054569902102481673
-6.0159013556781861e-05
-0.0013695932581816511
-0.0013695932581816511
-0.0002001861387383776
-0.0002001861387383776
0.00021522708847207888
0.00021522708847207888
0.00077664405954416598
0.00077664405954416598
-0.00094846669585461104
-0.00094846669585461104
-0.0013518685797934177
-0.0026735669638956144
-0.0026735669638956144
-0.0005715353658007666
-0.0005715353658007666
-0.0013043348620930949
-0.0013043348620930949
-0.00033305514049126648
-0.00033305514049126648
-0.00029278106505005642
-0.00029278106505005642
-2.629096105832806e-05
-2.629096105832806e-05
2.3417224617562874e-05
2.3417224617562874e-05
0.0012871620046160336
0.0012871620046160336
-0.0012385607040905646
-0.0012385607040905646
0.00010096242751358028
0.00035707808702721739
0.00035707808702721739
-0.00053402166334370839
-0.00053402166334370839
0.0010370029628710632
0.0010370029628710632
-0.00038810541492970932
-0.00038810541492970932
0.0010926474981335318
0.0010926474981335318
-1.5635515367576657e-05
-1.5635515367576657e-05
-0.00030147277572120152
-0.00030147277572120152
0.00022063164028096426
0.00022063164028096426
-0.0018581238468950937
-0.0018581238468950937
-0.0013341348241897818
-0.0013341348241897818
0.00022843920979608517
0.00022843920979608517
0.00056562069072428199
0.00056562069072428199
0.0016071451007399187
-0.0017797670142309593
-0.0017797670142309593
6.1410131338576567e-05
6.1410131338576567e-05
-0.00078123092339582091
-0.00096835141571824509
-0.00096835141571824509
8.5984764473302325e-05
8.5984764473302325e-05
0.0015388641526229471
0.00076611884611528741
0.00076611884611528741
0.00018254066634829165
0.00018254066634829165
-0.0012078920552074186
-0.0012078920552074186
-0.0014971392536820918
-0.0014971392536820918
0.00024268172142763735
0.00024268172142763735
0.00037058258291794899
0.0015546070129741662
0.0015546070129741662
-8.8057642717065605e-05
-8.8057642717065605e-05
-0.00102133998989029
-0.00102133998989029
-0.00081150716457134401
-0.00081150716457134401
-0.00068854383914557303
-0.00068854383914557303
-0.00085170739752792252
-0.00085170739752792252
0.0013067602823767135
0.0013067602823767135
-0.0015392330780664952
-0.00045773085767058266
-0.00045773085767058266
-0.00099751007121544593
-0.00099751007121544593
-0.0017998645327171664
-0.0017998645327171664
0.0020341941969843069
0.0020341941969843069
0.00017846270609945305
0.00017846270609945305
0.00058856484603552817
0.00058856484603552817
-1.0934231787350221e-05
-1.0934231787350221e-05
-9.631071789467901e-06
-9.631071789467901e-06
-0.0010761145953651252
-0.0010761145953651252
-0.00038578239298907898
-0.00038578239298907898
0.00032895729078792645
0.00032895729078792645
-0.00042787060465916481
-0.00042787060465916481
0.00091137774360543395
0.00091137774360543395
4.753261404752457e-05
4.753261404752457e-05
-0.0011974462065514439
-0.00037643206226014919
-0.00037643206226014919
3.5277833006085552e-05
3.5277833006085552e-05
-2.7707405776995227e-05
-2.7707405776995227e-05
0.0012020863179541422
0.0012020863179541422
-0.0020882761840986404
-0.0020882761840986404
-0.0011832712603734436
-0.0011832712603734436
0.00024401378665635549
0.00024401378665635549
0.0010279912584041512
0.0010279912584041512
0.00021457821773302271
0.00021457821773302271
0.00097096618021322799
0.0037735322515272014
0.0037735322515272014
0.001705634634565494
0.001705634634565494
-0.0003250351182008953
-0.0003250351182008953
-0.0018986520519183895
-0.0018986520519183895
0.0014863077235614185
0.0014863077235614185
-0.0020267434500591728
-0.0020267434500591728
-0.00028735418340254128
-0.00028735418340254128
-0.0013805931891389778
-0.0013805931891389778
-1.9130802906594795e-05
0.00093727752256957456
0.00093727752256957456
-0.00095802827594951756
-0.00095802827594951756
0.00029195000701863141
0.00029195000701863141
5.3837326541390925e-05
5.3837326541390925e-05
0.00010857525682106044
0.00010857525682106044
0.00033757019249024595
0.00033757019249024595
0.00018915719381549075
0.00018915719381549075
-0.0033800204033752764
-0.0033800204033752764
-0.0018211323922150177
-0.0018211323922150177
-0.0011212686789027735
-0.0011212686789027735
-0.0010576870174820604
-0.0010576870174820604
0.00031164294393671535
0.00031164294393671535
-0.0004639867614771056
-0.0004639867614771056
-0.00010601534583726766
-0.00010601534583726766
-0.0016561493440320973
-0.0016561493440320973
-0.0012960979439171358
-0.0012960979439171358
0.00017325410812432207
0.00017325410812432207
-0.00061285460934773766
-0.00061285460934773766
0.0005489971497284632
0.0005489971497284632
-0.00036385256989434695
-0.00036385256989434695
0.00090140712290544115
0.00090140712290544115
0.00031804923001417236
0.00031804923001417236
-0.00077227533999895228
-0.00077227533999895228
0.0020997200227296279
-0.00049135796942836852
-0.00049135796942836852
0.00028053955640024408
0.00028053955640024408
-0.00032739732014914439
-0.00032739732014914439
0.00025010883298969743
0.001615679004823418
0.001615679004823418
-0.0016075001857314385
-0.0016075001857314385
0.00079429245986499606
0.00079429245986499606
-0.0023872569601783057
-0.0023872569601783057
-0.0010803233306467231
-0.0010803233306467231
-0.00094044811214028022
-0.00094044811214028022
0.00055062241482583228
0.00055062241482583228
-7.739094519479643e-05
-7.739094519479643e-05
0.00011798839188103063
0.00011798839188103063
0.00030955233745132355
0.00030955233745132355
-0.00019276258489543452
-0.00019276258489543452
0.00037191981571248905
-0.0017458964482054307
-0.0017458964482054307
-0.0007610963210206396
-0.0007610963210206396
3.6008585832916105e-05
3.6008585832916105e-05
4.5468626171093925e-05
4.5468626171093925e-05
-0.00023635845633338581
-0.00023635845633338581
0.00010275528490590264
0.00010275528490590264
-0.00062672163074172665
-0.00062672163074172665
-8.7428716750194492e-05
-8.7428716750194492e-05
-0.00060411117576652487
-0.00060411117576652487
0.00045803204277355893
0.00045803204277355893
-0.0014431930966267098
-0.0014431930966267098
-0.00021406241818536123
-0.00021406241818536123
3.5629680429964719e-05
3.5629680429964719e-05
-0.0014352116613054364
-0.0014352116613054364
-0.00041868280064513355
-0.00041868280064513355
0.00052044400351406275
0.00052044400351406275
-0.0001476636806168559
-0.0001476636806168559
-0.00070823679467191085
0.00060813983710718896
0.00060813983710718896
0.00097493430294839098
0.00097493430294839098
0.0017317982008479469
0.00136887014021366
0.00136887014021366
-0.0010157697261497206
-0.0010157697261497206
-0.00078188733157374035
-0.00078188733157374035
-0.00066993756356548183
-0.00066993756356548183
-0.0015366071132613688
-0.0015366071132613688
-0.0014498441226630794
-0.0014498441226630794
0.00021658859136148022
0.00021658859136148022
0.00017989051399352758
0.00017989051399352758
-0.00039151329987164809
-0.00039151329987164809
0.0011495718636505719
0.0011495718636505719
0.00047757162135800502
0.00047757162135800502
0.00036507767211746184
0.00036507767211746184
0.00047897108140290619
0.00047897108140290619
-5.7130230410209863e-05
-5.7130230410209863e-05
0.00079924515177965142
0.00079924515177965142
-0.00054863493054077268
-0.00014135146597123955
-0.00014135146597123955
-0.00085918876953115797
-0.00085918876953115797
0.00011931998457416212
0.00011931998457416212
-0.00036759451288075946
-0.00036759451288075946
-0.0013307075475999632
-0.0013307075475999632
-0.0001490184025337595
-0.00014653830842461884
-0.00014653830842461884
0.00027244142934242875
0.00027244142934242875
0.00019837354840027661
0.00019837354840027661
6.9610473179800307e-05
6.9610473179800307e-05
-0.00020366655993521879
-0.00020366655993521879
0.0015597799528787718
0.0015597799528787718
-8.2887062142271707e-06
-8.2887062142271707e-06
0.0003234376501887578
0.0003234376501887578
0.00062905736349021279
0.00062905736349021279
-6.6843809507863361e-07
-6.6843809507863361e-07
-0.00011857231271699049
-0.00011857231271699049
0.00025645647368935864
0.00025645647368935864
-0.0014356478738108672
-0.0014356478738108672
0.00060234865890019704
0.00060234865890019704
-0.00031555851816797794
-0.00031555851816797794
0.0002482516189841363
0.0002482516189841363
-0.00088451170807264386
-0.0012168856476591217
-0.0012168856476591217
0.00066520616131019177
0.00066520616131019177
-0.00066909764100839557
-0.00066909764100839557
0.00088645183538506463
0.00088645183538506463
0.00060594056144647407
0.00060594056144647407
-0.00019458152353008318
-0.00019458152353008318
-0.00045190013861413675
-0.00045190013861413675
0.000879193280963902
0.000879193280963902
0.00070438279002293513
-7.954657836551092e-05
-7.954657836551092e-05
0.00021543558740242947
0.00021543558740242947
-0.00083166225024219203
-0.00083166225024219203
0.00062310630101217895
0.00062310630101217895
0.00048740020029889724
0.00048740020029889724
0.00046906081328035055
0.00046906081328035055
-0.00060539461492897784
-0.00060539461492897784
0.00038308713296898348
0.00038308713296898348
0.00054977793693183734
-0.00037624534283602551
-0.00037624534283602551
-0.00038015258193621718
0.00071474273472486426
0.00071474273472486426
-0.0011059950816547004
-0.0011059950816547004
-4.544966266773906e-05
-4.544966266773906e-05
0.00013428340801624505
0.00013428340801624505
-0.00050825675585494483
-0.00050825675585494483
0.0010660883458566363
0.0010660883458566363
-0.0012024122122795485
-0.0012024122122795485
0.0005767591050901391
0.0005767591050901391
-0.00022713729617347575
-0.00022713729617347575
0.00011307619716200356
0.00011307619716200356
0.00014259389061794549
0.00014259389061794549
-0.00046738721806282923
-0.00046738721806282923
-0.0010467560398926341
-0.0010467560398926341
0.00088976618322594088
0.00088976618322594088
0.0013872398230017407
0.0013872398230017407
-0.00022487936762623603
-0.00022487936762623603
-0.00080254430925310086
-0.00080254430925310086
-0.00039175068625490046
-0.00039175068625490046
0.001024222637070968
0.001024222637070968
0.00035344909262629778
0.00035344909262629778
-2.1296401662237718e-05
-2.1296401662237718e-05
0.00020690865821118741
-0.0011409327270793888
-0.0011409327270793888
0.00028614875080761656
0.00028614875080761656
-0.00052648350627796964
-0.00052648350627796964
0.00069086920645884448
0.00069086920645884448
-0.00057328613138529793
-0.00057328613138529793
0.0012405131771484766
0.0012405131771484766
-0.0010737125037174407
-0.00035052584554794511
-0.00035052584554794511
0.00058704775338483883
0.00058704775338483883
3.7420354096485969e-05
3.7420354096485969e-05
0.00076689846630909541
0.00076689846630909541
0.00081621120128280884
0.00081621120128280884
-0.0002152497366972138
-0.0002152497366972138
-0.00094994338312825663
-0.00094994338312825663
0.00060656167876376008
0.00060656167876376008
0.00057783723402624651
0.00057783723402624651
-0.0004429918860115829
0.00021301833701734246
0.00021301833701734246
0.0001887225968685381
0.0001887225968685381
0.00063665053621210011
0.00063665053621210011
0.00040193007338753595
0.00040193007338753595
7.1239123045085134e-05
7.1239123045085134e-05
-0.00071033618417893274
-0.00071033618417893274
0.0005943487098550328
0.0005943487098550328
0.00043547743853720631
0.00043547743853720631
-0.00073030773663179931
-0.00073030773663179931
-0.00050966858516552185
-0.00050966858516552185
-0.0013534869014227447
-0.0013534869014227447
-0.00036071098090560694
-0.00036071098090560694
0.00037223062161890656
0.00037223062161890656
0.00036029044423036623
0.00036029044423036623
9.9072445973583342e-05
9.9072445973583342e-05
-3.0294140357295117e-05
-3.0294140357295117e-05
-0.00017097629243337351
3.8168458685419031e-05
3.8168458685419031e-05
-7.8375121454117591e-05
-7.8375121454117591e-05
-0.00035451302238670771
-0.00035451302238670771
-0.00053730080430366446
-0.00053730080430366446
-8.992592377523021e-05
-8.992592377523021e-05
-3.9242557466064121e-06
-3.9242557466064121e-06
1.0693770333438818e-05
1.0693770333438818e-05
0.00077810559356465507
0.00077810559356465507
0.00042178898318405563
0.00042178898318405563
0.00068238390737035805
0.00029699310832608872
0.00029699310832608872
-0.00039479581161115299
-0.00039479581161115299
-0.00031232160748987097
-0.00031232160748987097
-5.5880931397473579e-05
0.00016091608073405054
0.00016091608073405054
-0.0020595843700920912
-0.0020595843700920912
0.0018153554426788886
0.0018153554426788886
0.00065461519006302662
0.00065461519006302662
0.0019203207805400986
0.0019203207805400986
0.0005688307793787036
0.0005688307793787036
0.0003974876765273049
0.0003974876765273049
0.00023915080044904988
0.00023915080044904988
-0.00058777557504158121
-0.00058777557504158121
0.0010028239180261253
0.0010028239180261253
-0.00032039177534526022
-0.00032039177534526022
-0.00017221820138672758
-0.00017221820138672758
0.00014869001044680199
0.00014869001044680199
-0.00049271072622428041
-0.00049271072622428041
-0.00037464920095102173
-0.00037464920095102173
0.0015803773146977501
0.0015803773146977501
-0.0010271484492005809
-0.0010271484492005809
-0.00012018359951922394
-0.00012018359951922394
-9.7897194338582676e-05
-9.7897194338582676e-05
0.0001405424699622863
0.0001405424699622863
-0.00047630873099228054
-0.00047630873099228054
-0.00026112536343878836
-0.00026112536343878836
-0.0006491229289567309
-0.0006491229289567309
-0.00028257542724499803
-0.00028257542724499803
-3.7234519599829095e-05
-3.7234519599829095e-05
-0.00021792778915416739
-0.00021792778915416739
0.00033672181706702483
0.00033672181706702483
0.00051690803369722996
0.00051690803369722996
-0.00073436211325161144
-0.00073436211325161144
-0.00037403138021446667
-0.00037403138021446667
0.00036609898599568135
0.00036609898599568135
0.00027843280118928929
0.00027843280118928929
0.00018506110400988505
0.00018506110400988505
0.00013706661072932042
0.00013706661072932042
-0.00039169242196429116
-0.00039169242196429116
0.00040851419234714143
0.00040851419234714143
8.8077511515177048e-05
8.8077511515177048e-05
0.00047960599550470452
0.00047960599550470452
0.00031358301035784564
0.00031358301035784564
0.00038812996207497743
0.00038812996207497743
-0.00020599359129475122
-0.00020599359129475122
0.00013764627433370037
0.00013764627433370037
-0.0001034679102007518
-0.0001034679102007518
1.8536929956641048e-05
4.2549965787912082e-05
4.2549965787912082e-05
-0.00021885298074089636
-0.00021885298074089636
-0.0001840911915840375
-0.0001840911915840375
0.00038917525576852768
0.00038917525576852768
-0.00038242816739892982
-0.0009456685600165134
-0.0009456685600165134
3.7401055769423899e-05
3.7401055769423899e-05
-0.00012488660837931692
-0.00012488660837931692
7.5111028219031922e-05
7.5111028219031922e-05
-0.0001058772640314939
-0.0001058772640314939
-0.00071490919338588501
-0.00071490919338588501
-0.00034682696433206212
-0.00034682696433206212
-0.00028125542954666533
-0.00028125542954666533
2.615349283758084e-05
2.615349283758084e-05
0.00033078498333251208
0.00033078498333251208
-0.00030634528733616752
-0.00030634528733616752
0.00026584640504532056
0.00026584640504532056
0.00026942171683425867
0.00026942171683425867
0.00027915703606167717
0.00027915703606167717
3.4012936235510192e-05
3.4012936235510192e-05
0.00018817296806424412
0.00018817296806424412
-0.00020529703090877547
-0.00020529703090877547
-0.00059203335894034148
-0.00059203335894034148
0.0013382333414325525
0.00047040408870065121
-0.00018534522437214284
-0.00018534522437214284
-0.00019589879050556605
-0.00019589879050556605
-0.00092421890589592162
-0.00092421890589592162
-0.000816616487085465
-0.000816616487085465
-0.00088811376813655095
-0.00088811376813655095
0.00024819690800532664
0.00024819690800532664
0.00075627776235852816
0.00075627776235852816
-0.00011084802497854622
-0.00011084802497854622
-0.00011649228775993094
-0.00011649228775993094
5.956810337644765e-05
5.956810337644765e-05
-0.0011211025947940156
-0.0011211025947940156
5.9898246909272916e-05
5.9898246909272916e-05
0.00048110698400450253
0.00048110698400450253
-0.0006004758566307384
-0.0006004758566307384
0.00039274912888503162
0.00039274912888503162
-0.0006921767436878283
-0.0006921767436878283
0.00031137090022303527
0.00031137090022303527
-0.00036514326236323011
-0.00036514326236323011
-0.00065717966847282509
-0.00065717966847282509
0.00064563623040234022
0.00064563623040234022
-0.00053444971978572928
-0.00053444971978572928
0.00053234435113239413
0.00053234435113239413
0.00027106623877654637
0.00027106623877654637
-0.00026236868799225775
-0.00026236868799225775
-3.1229505791593113e-05
-3.1229505791593113e-05
-0.00021727739920294171
-0.00021727739920294171
0.00039023305335994377
0.00039023305335994377
0.00098708537027529324
-0.00085878027817243936
0.0002612064727847463
0.0002612064727847463
-0.00015406142341694478
-0.00015406142341694478
-9.3379983648208474e-05
-9.3379983648208474e-05
0.00048815968253642424
0.00048815968253642424
5.1170829107208941e-05
5.1170829107208941e-05
0.00017105093000984389
0.00017105093000984389
-0.00022356922020201801
-0.00022356922020201801
-0.00039899789261019371
-0.00039899789261019371
-0.00024066433716732775
-0.00024066433716732775
-6.1877165212813445e-05
-0.00042419153556877344
-0.00042419153556877344
-0.0003270035201649296
-0.0003270035201649296
6.0728557003683727e-06
6.0728557003683727e-06
-0.00041736705980698492
0.00029956961133704475
0.00029956961133704475
9.8528583317963328e-06
9.8528583317963328e-06
-0.00053862390889095133
-0.00053862390889095133
-0.00025738475170436291
-0.00025738475170436291
0.0004253248374363563
0.0004253248374363563
-0.00052931515770654057
-0.00052931515770654057
0.00074807669570871099
-0.00043981445533142162
-0.00043981445533142162
0.0003303228396459974
0.0003303228396459974
0.00015320702899236202
0.00015320702899236202
-0.00057353295066348985
-0.00057353295066348985
0.00048593925954705378
0.00048593925954705378
0.00034281944865103181
0.00034281944865103181
-5.498417546886413e-05
-5.498417546886413e-05
-0.00029988491567179879
-0.00029988491567179879
0.00024765571243668793
0.00024765571243668793
-3.2381008840887529e-05
-3.2381008840887529e-05
-0.00044202889363168971
0.00031449609833163243
0.00031449609833163243
7.9598921716906676e-05
7.9598921716906676e-05
0.0003172841312350701
0.0003172841312350701
0.00076443370596897915
0.00076443370596897915
0.00057242815229477785
0.00057242815229477785
0.00014269389671558747
0.00014269389671558747
0.00059086069936584618
0.00059086069936584618
0.0009223964536774061
0.0009223964536774061
8.7338949581779226e-05
8.7338949581779226e-05
0.00094173719778259748
0.00094173719778259748
-0.00016183688267222437
-0.00016183688267222437
0.00011759247871904366
0.00011759247871904366
0.00036648183098249613
0.00036648183098249613
1.6028097471474136e-05
1.6028097471474136e-05
0.00016154605942269058
0.00016154605942269058
0.00077748227765757978
0.00077748227765757978
7.591450090263429e-05
7.591450090263429e-05
0.00066677990988874274
0.00066677990988874274
-0.00063445178814948758
-0.00063445178814948758
0.00075278735201204212
0.00075278735201204212
-4.4348677189767074e-05
-4.4348677189767074e-05
-0.00013974584833375465
-0.00013974584833375465
4.5081557735993217e-05
4.5081557735993217e-05
0.00084979784022547373
0.00084979784022547373
-9.7404556589433984e-05
-9.7404556589433984e-05
-0.00015988112530207388
-0.00015988112530207388
0.00054594787247166183
0.00054594787247166183
0.00073503235965492969
0.00073503235965492969
0.00037232776236070943
0.00037232776236070943
-9.175341377601161e-05
-9.175341377601161e-05
0.00025992274364060021
0.00025992274364060021
-0.00023993891412705382
-0.00011570096823259335
-0.00011570096823259335
1.8645260946162409e-05
1.8645260946162409e-05
-0.00065650599919480539
-0.00065650599919480539
0.00031237778786009972
0.00031237778786009972
0.00043888256741153673
0.00043888256741153673
0.00077937530761645272
0.00077937530761645272
-6.9851182719698861e-05
-6.9851182719698861e-05
-0.00032623739213027384
-0.00032623739213027384
0.00032660818492063587
0.00032660818492063587
-7.2410437221525416e-05
-7.2410437221525416e-05
0.000510671296055248
0.000510671296055248
0.0001762225893132349
0.0001762225893132349
0.00051021100874990152
0.00051021100874990152
8.1622599559936826e-06
8.1622599559936826e-06
0.00031732758909366437
0.00031732758909366437
-0.00014584192962281559
-0.00014584192962281559
-0.00024526290877579371
-0.00024526290877579371
2.3943760165549212e-05
2.3943760165549212e-05
-0.00034972243090945228
-0.00034972243090945228
-7.995937226785612e-05
-7.995937226785612e-05
0.00031128630570600714
0.00063837581762301167
0.00063837581762301167
0.00012018230921823813
0.00012018230921823813
-0.00056754022972369618
-0.00056754022972369618
-0.00052698546058827032
-0.00052698546058827032
0.00042399835181893187
0.00042399835181893187
0.00059651371806091218
0.00059651371806091218
-0.00044055785444420973
-0.00044055785444420973
0.0002572480831830418
0.0002572480831830418
-0.00024624690323875244
-0.00024624690323875244
0.00050828231800271486
0.00050828231800271486
5.9998423589024551e-05
5.9998423589024551e-05
0.00044039678973277225
0.00044039678973277225
-0.00066662672330871405
-0.00066662672330871405
-4.7129217335980141e-05
-4.7129217335980141e-05
0.00016497611491381832
0.00016497611491381832
-0.00032039626452580889
-0.00032039626452580889
-0.00020327617143860564
-0.00020327617143860564
-0.00015001796570677056
-0.00015001796570677056
-3.995161298202357e-05
-3.995161298202357e-05
0.00030600021102198077
0.00030600021102198077
-0.00020117992582563976
-0.00020117992582563976
-0.00016358208553345644
-0.00016358208553345644
-0.00018192170309047279
-0.00018192170309047279
-0.00017705621160394786
-0.00017705621160394786
-8.2783561211927648e-05
-8.2783561211927648e-05
-9.6747828323792329e-05
-9.6747828323792329e-05
-0.00049003804264268218
-0.00049003804264268218
-0.00057973328297135558
0.00028903048668209855
0.00028903048668209855
0.00036897126453173436
0.00036897126453173436
2.7194916673978024e-05
2.7194916673978024e-05
-1.893232191054119e-05
-1.893232191054119e-05
4.2364823504635402e-06
4.2364823504635402e-06
-0.0001013364435156523
-0.0001013364435156523
0.00039016806444676675
-2.4462754941711163e-05
-2.4462754941711163e-05
0.00031587633822997331
-0.00039137076720142477
-0.00039137076720142477
-0.00048402834459143444
-0.00048402834459143444
-0.00075243656194593812
-0.00075243656194593812
0.00016746964814160644
0.00016746964814160644
0.00027213153316073523
0.00027213153316073523
0.00050748179499706563
0.00050748179499706563
-0.00095386056052518048
-0.00095386056052518048
0.00085905377079610861
0.00085905377079610861
-0.00015727171628386163
-0.00015727171628386163
0.00012020303162591207
0.00012020303162591207
-8.7216677811292919e-05
-8.7216677811292919e-05
7.1763798141742026e-05
7.1763798141742026e-05
0.00064264565191343096
0.00064264565191343096
-0.00051013942043300336
-0.00051013942043300336
-0.0006454924788553743
-0.0006454924788553743
0.0003349930280099493
0.0003349930280099493
-0.00014940281754154025
-0.00014940281754154025
-0.00050449677908017657
-0.00050449677908017657
3.3975986149279877e-05
3.3975986149279877e-05
-3.5125528612939344e-05
-3.5125528612939344e-05
8.3773405637325906e-05
8.3773405637325906e-05
-0.00024004109449785095
-0.00024004109449785095
1.6043799854333305e-05
1.6043799854333305e-05
-7.0938030810619156e-05
0.00014416093291952446
0.00014416093291952446
1.124784032456905e-05
1.124784032456905e-05
0.00011810175855950574
0.00011810175855950574
2.3985002419776241e-05
2.3985002419776241e-05
7.5057083222078137e-05
7.5057083222078137e-05
3.9604394317409707e-05
3.9604394317409707e-05
-0.00016419757831572976
-0.00016419757831572976
-7.3998874280039781e-05
-7.3998874280039781e-05
-0.00016239354691670237
-0.00016239354691670237
0.00010973453219418133
0.00010973453219418133
0.00025136603981823952
-0.0001416073653903448
-0.00017909721393598115
-0.00017909721393598115
-0.00072065211016469682
-0.00072065211016469682
0.00082409086461820926
0.00082409086461820926
0.00093921255568444348
0.00093921255568444348
0.00020124461101822687
0.00020124461101822687
0.00060606077867209149
0.00060606077867209149
0.00011883687163144101
0.00011883687163144101
0.00030386816195462939
0.00030386816195462939
0.00026011150153868574
0.00026011150153868574
0.00017729677119170155
0.00017729677119170155
0.00020703854519131421
0.00020703854519131421
-0.0002359338562088443
-0.0002359338562088443
-8.070146478898967e-05
-8.070146478898967e-05
0.00012370848371256058
0.00012370848371256058
-0.00031486198626027879
-0.00031486198626027879
3.0421138147557215e-05
3.0421138147557215e-05
-0.00026027253462465632
-0.00026027253462465632
-0.00026485626513336589
-0.00026485626513336589
0.00040006464151594393
0.00040006464151594393
-0.00017983808173713798
-0.00017983808173713798
0.00040757872162542751
0.00040757872162542751
0.00017212244755767297
0.00017212244755767297
8.4088106765888026e-05
8.4088106765888026e-05
0.00027225799740677775
0.00027225799740677775
3.4027777180254937e-05
3.4027777180254937e-05
-0.00012232512453788885
-0.00012232512453788885
0.00014705002841477265
0.00014705002841477265
-0.00015198004954722883
-0.00015198004954722883
0.0002307264985107853
0.0002307264985107853
0.0004559265817539098
0.0004559265817539098
-0.00037601836869625949
-0.00037601836869625949
0.00012224547116263836
0.00012224547116263836
-7.4424825283475623e-05
-7.4424825283475623e-05
-0.00031306440582865778
-0.00031306440582865778
0.00034174653935682421
0.00034174653935682421
-0.000364477177197719
-0.000364477177197719
-0.00012225640199280377
-0.00012225640199280377
-8.3175698532515402e-05
-7.9419333094840521e-05
-7.9419333094840521e-05
8.0556685800376251e-05
8.0556685800376251e-05
4.147025812529533e-05
4.147025812529533e-05
7.0518054881984351e-05
7.0518054881984351e-05
-0.00012475608638703846
-4.9197764688077897e-05
-4.9197764688077897e-05
3.7516462946854616e-05
0.00024824999771817812
0.00024824999771817812
0.00031916793122356384
0.00031916793122356384
0.00045117395881532344
0.00045117395881532344
0.0001085602260641489
9.4445208716827805e-05
9.4445208716827805e-05
0.00048061772402505657
0.00048061772402505657
-0.00029766181568784714
-0.00029766181568784714
8.4162666155857932e-05
8.4162666155857932e-05
-0.0002156681923772255
-0.0002156681923772255
-0.00019731561107684398
-0.00019731561107684398
-0.00034992008582622166
-0.00034992008582622166
-0.00038788846124784121
-0.00038788846124784121
-0.00043127611600485093
-0.00043127611600485093
0.00048045796499023838
0.00048045796499023838
0.00066308573651384915
0.00066308573651384915
-7.6671194359234854e-05
-7.6671194359234854e-05
7.7058791506876161e-05
7.7058791506876161e-05
-0.00039918090590890639
-0.00039918090590890639
-0.00017181272508559611
-0.00017181272508559611
-0.00058992281975445691
-0.00058992281975445691
-0.00012838898612158237
-0.00012838898612158237
-0.00023339218049235196
-0.00023339218049235196
0.00030513142763712942
0.00030513142763712942
-0.0002837570452888394
-0.0002837570452888394
-0.00037045284172871381
-0.00037045284172871381
0.00038922091153301651
0.00038922091153301651
0.00046240543512419556
0.00046240543512419556
0.00017363483711220826
0.00017363483711220826
0.00022940660579597464
0.00022940660579597464
0.00032315418999437644
0.00032315418999437644
-0.00021651868197946882
-0.00021651868197946882
-0.00015692674706223038
-0.00015692674706223038
0.00021506255753920455
0.00021506255753920455
-0.00025170006081605157
-0.00025170006081605157
0.00053883704439976687
0.00053883704439976687
-9.9402387557319185e-05
-9.9402387557319185e-05
-0.00069864939970566014
-0.00069864939970566014
0.00013331826049757726
0.00013331826049757726
0.00022168090301679898
0.00010126469021710148
0.00010126469021710148
0.00013414259440229468
0.00013414259440229468
-0.0001175593020943476
4.0185471294481125e-06
4.0185471294481125e-06
2.8360112634965475e-05
2.8360112634965475e-05
0.00017486217520312606
0.00017486217520312606
-0.00014455791506555121
-0.00014455791506555121
9.0284148384467506e-05
9.0284148384467506e-05
0.00029119471568944167
0.00029119471568944167
0.00015993362235822487
0.00015993362235822487
-0.00030745387396477703
-0.00030745387396477703
-0.00019345997741625583
0.00057598776662021243
0.00045532808897270812
0.00045532808897270812
0.00034136214706426729
0.00034136214706426729
0.00011223927768434655
0.00011223927768434655
-0.00042227686896458775
-0.00042227686896458775
-3.2793463426849978e-05
-3.2793463426849978e-05
0.00023767983790278367
0.00023767983790278367
-0.00036669230013629364
-0.00036669230013629364
0.00036151175895904428
0.00036151175895904428
-0.00038942550888279489
-0.00038942550888279489
-0.0001479158214527179
-0.0001479158214527179
1.6671182850326884e-05
1.6671182850326884e-05
-0.0005241640874732458
-0.0005241640874732458
8.9655592327168848e-05
8.9655592327168848e-05
0.00012807720632159722
0.00012807720632159722
-5.099415306752699e-05
-5.099415306752699e-05
0.00012069901766274502
0.00012069901766274502
0.00012799597196802172
0.00012799597196802172
-0.00035324073013795189
-0.00035324073013795189
0.00037082679534742485
0.00037082679534742485
6.4366194410162041e-05
6.4366194410162041e-05
1.7444062416612427e-05
1.7444062416612427e-05
-6.8283785331949384e-05
-6.8283785331949384e-05
0.00017731960881081101
0.00017731960881081101
0.00046197657892238899
0.00046197657892238899
-0.00017158430676651436
-0.00017158430676651436
0.00013140834518806985
0.00013140834518806985
9.5063080941045934e-05
-0.00029120426839999227
-0.00029120426839999227
4.9201279993337088e-05
4.9201279993337088e-05
0.00014694647350710772
0.00014694647350710772
-0.00035124091513657715
-0.00035124091513657715
0.00050589620197849549
0.00050589620197849549
-1.4912130936868101e-05
-1.4912130936868101e-05
0.00024250221249610111
0.00018224179829977099
0.00018224179829977099
0.00016956506965619766
0.00016956506965619766
-0.00015200298615237185
-0.00015200298615237185
-1.6400898551449225e-05
-1.6400898551449225e-05
6.2711018828941583e-05
6.2711018828941583e-05
-8.8763311270971526e-05
-8.8763311270971526e-05
0.00029425280226123433
0.00029425280226123433
-0.00032794144417096346
0.00011953800450177883
0.00011953800450177883
0.00011418493364873896
0.00011418493364873896
-0.00014709210531961304
-0.00014709210531961304
-0.00013555919548072245
-0.00013555919548072245
0.00083268349664535361
0.00083268349664535361
-0.00033698904160627284
-0.00033698904160627284
0.00028485626008846503
0.00028485626008846503
0.00018238864067931027
0.00018238864067931027
8.9977618714688691e-05
8.9977618714688691e-05
8.4860312339739099e-05
8.4860312339739099e-05
-0.00030757300374949871
-0.00030757300374949871
0.00014356587020384115
0.00014356587020384115
0.00020604169762560915
0.00072893396872767422
0.00072893396872767422
0.00039073616106779461
0.00039073616106779461
-0.00024669888121047661
-0.00024669888121047661
0.00011275391855465158
0.00011275391855465158
-0.00011441424012239207
-0.00011441424012239207
-8.1967343828294012e-05
-8.1967343828294012e-05
2.6183175044964523e-06
2.6183175044964523e-06
-9.2296105980923688e-05
-9.2296105980923688e-05
0.00035607515722965065
0.00035607515722965065
-0.00013036560516656813
-0.00013036560516656813
0.0001646594750915497
0.0001646594750915497
5.968756237543476e-05
5.968756237543476e-05
-0.00010036214857542806
-0.00010036214857542806
0.00030264029203167056
0.00030264029203167056
0.00022095288939324981
0.00022095288939324981
0.00035106760761760786
0.00035106760761760786
-2.6131979136666664e-05
-2.6131979136666664e-05
0.00055224078924435115
0.00055224078924435115
-8.0116306664244552e-05
-8.0116306664244552e-05
-9.7930628372546263e-05
-9.7930628372546263e-05
-3.6334014046470667e-05
-3.6334014046470667e-05
0.00022020694706798358
0.00022020694706798358
3.9724735644574141e-05
3.9724735644574141e-05
0.00012181559636041506
0.00012181559636041506
0.0001858125190703622
0.0001858125190703622
-0.00018072081156711499
-0.00018072081156711499
-0.00042527428811660003
-0.00042527428811660003
-0.00029692376826196841
-0.00029692376826196841
0.00033277924703815247
0.00033277924703815247
-0.00044341698040756597
-0.00044341698040756597
-0.00027063394143483736
-0.00040130803266147244
-0.00040130803266147244
-0.00049905874410275481
-0.00049905874410275481
0.00027706563296884981
0.00027706563296884981
-0.00052837614389592859
-0.00052837614389592859
0.00018231310634135434
0.00018231310634135434
-0.00052612023461951472
-0.00052612023461951472
0.00011589317404630873
0.00011589317404630873
-0.00028480360159997072
-0.00028480360159997072
-1.7937281769302102e-05
-1.7937281769302102e-05
-0.00052234787704116782
0.00018909397996967674
0.00018909397996967674
0.00030080766053293688
0.00030080766053293688
0.00028611302353943191
0.00028611302353943191
-1.1538306995573506e-05
-1.1538306995573506e-05
0.00044395747345352479
0.00044395747345352479
0.00055912609214807927
0.00055912609214807927
-0.00031547185375947848
-0.00031547185375947848
-0.00044924216054807178
-0.00044924216054807178
-6.966468553920135e-05
-6.966468553920135e-05
0.00012987561148229291
0.00012987561148229291
0.00034747694828138489
0.00034747694828138489
0.00011467847322568297
0.00011467847322568297
-0.00034544597638850244
-0.00034544597638850244
0.0004228178019290179
0.0004228178019290179
0.00020256241184342583
-0.00038201665888806574
-0.00038201665888806574
-0.00018943444436822352
-0.00018943444436822352
0.00035357380731663822
0.00035357380731663822
0.00042693945621793467
0.00042693945621793467
0.00011283533034921365
0.00011283533034921365
-0.00020464054898255288
-0.00020464054898255288
-0.00011947451228170108
-0.00011947451228170108
-5.6045731902037203e-05
-5.6045731902037203e-05
-0.00061190837349881053
-0.00061190837349881053
-0.000203139079866916
-0.000203139079866916
-0.00047006925620420367
-0.00047006925620420367
0.00027889102198468569
0.00027889102198468569
-4.5285521555515502e-05
-4.5285521555515502e-05
0.00078038016264371849
-0.00039174276012307163
-0.00039174276012307163
-7.349030337683551e-05
-7.349030337683551e-05
9.1122783631178745e-05
9.1122783631178745e-05
0.00015082359178318028
0.00015082359178318028
-0.00055527983760401392
-0.00055527983760401392
0.00018718475874897938
0.00018718475874897938
-0.0002918630608539013
-0.0002918630608539013
0.00027141026946223983
0.00027141026946223983
-0.00059922658224278351
-0.00059922658224278351
-0.00013939471860744768
-0.00029661100040296733
-0.00029661100040296733
0.00061389583177966526
0.00061389583177966526
0.00055249622777567059
0.00055249622777567059
-0.00036346188227257123
-0.00036346188227257123
-5.8649721018915079e-05
-5.8649721018915079e-05
0.00011710092064162919
0.00011710092064162919
3.1946970316506331e-05
3.1946970316506331e-05
4.0803410720208131e-05
4.0803410720208131e-05
-0.00056947198742284336
-0.00056947198742284336
0.00029544580656987499
0.00029544580656987499
-0.00058061003548596048
-0.00058061003548596048
0.00040246486055710084
0.00040246486055710084
-0.00016880288363733603
-0.00016880288363733603
-0.00039542649672033293
-0.00022202201759192046
-0.00022202201759192046
0.00016850278611149936
0.00016850278611149936
0.00010007215573146842
0.00010007215573146842
0.00024555772638236889
0.00024555772638236889
0.0003242558226343296
0.0003242558226343296
-2.7732632789839423e-05
-2.7732632789839423e-05
-0.00042007959835957241
-0.00042007959835957241
0.00048433604839786518
0.00048433604839786518
0.00018908287108615869
0.00018908287108615869
9.2937572034933481e-05
9.2937572034933481e-05
-0.00030774092325878554
-0.00033650546356328359
-0.00033650546356328359
0.00016844217355976198
0.00016844217355976198
-0.00025856622894701196
-0.00025856622894701196
0.00028303685884655135
0.00028303685884655135
-5.1005825359357367e-05
-5.1005825359357367e-05
-0.00070563456628410382
-6.0521068397053482e-05
-6.0521068397053482e-05
0.00030932491293931169
0.00030932491293931169
0.00062592953331028667
0.00062592953331028667
-9.0447247351335455e-05
-9.0447247351335455e-05
0.00078505877686408569
0.00078505877686408569
-0.00017458196060469679
-0.00017458196060469679
0.00022710735227853573
0.00022710735227853573
-0.00050291687121844576
-0.00050291687121844576
-4.9002445389101701e-05
-4.9002445389101701e-05
-0.00012998478433465851
-0.00012998478433465851
7.7040357369721293e-05
7.7040357369721293e-05
0.00010499173033461688
0.00010499173033461688
0.0002491177173378047
0.0002491177173378047
0.00052904200403070954
0.00052904200403070954
0.00010278646025993332
0.00010278646025993332
-5.4456609622362988e-05
-5.4456609622362988e-05
-0.00027514515491741036
-0.00027514515491741036
0.00024486471177625417
-0.00015170396176244591
-0.00015170396176244591
0.00064912453642945614
0.00064912453642945614
1.8675137710512796e-05
1.8675137710512796e-05
0.00021644800029257239
0.00021644800029257239
0.00027535377525522486
0.00027535377525522486
0.00011800931113161163
0.00011800931113161163
-0.00037720505409624618
-0.00037720505409624618
8.791659668865575e-05
8.791659668865575e-05
0.00025001636153051282
0.00025001636153051282
0.00024064215353676455
0.00024064215353676455
8.1269363457070929e-05
8.1269363457070929e-05
0.00012021603557103021
0.00012021603557103021
-8.2823117954854871e-06
-8.2823117954854871e-06
-0.00013404529799417961
-0.00013404529799417961
0.00033443236809645502
0.00033443236809645502
-0.00019241819439409514
-0.00019241819439409514
0.00055017576947334645
0.00055017576947334645
-8.7705069998405792e-06
-8.7705069998405792e-06
2.3728503756237676e-06
2.3728503756237676e-06
-7.7098796450026901e-05
-7.7098796450026901e-05
0.00025098904745124759
0.00025098904745124759
-6.0944781267575778e-05
-6.0944781267575778e-05
8.1089398982184214e-05
8.1089398982184214e-05
0.00033405755246007418
0.00033405755246007418
0.00048915864953187138
0.00048915864953187138
9.4453095917817673e-05
9.4453095917817673e-05
0.00024338943033393195
0.00024338943033393195
0.00018229197475805537
0.00018229197475805537
-0.00047496052644677037
-0.00047496052644677037
-0.00020326943986542271
-0.00020326943986542271
-0.00033234605468669329
-0.00033234605468669329
0.00019804542615331575
0.00019804542615331575
-0.00033978839857662423
-0.00033978839857662423
-0.00065432606934676975
-0.00065432606934676975
-0.00016095287045524967
-0.00016095287045524967
5.3454074169432261e-05
5.3454074169432261e-05
-0.00061810752746676505
-0.00061810752746676505
0.00043056956564845462
0.00043056956564845462
1.4405213660391786e-05
1.4405213660391786e-05
-0.00014949382697129534
2.452303517750349e-05
2.452303517750349e-05
-0.0001822180057633696
-0.0001822180057633696
2.4182669134432928e-05
2.4182669134432928e-05
-0.00049054409117507561
-0.00049054409117507561
-0.00022378184839460272
-0.00022378184839460272
-0.00041017986685786272
0.00032671700650384696
-0.00021786528603032887
-0.00021786528603032887
-0.000259136616908825
-0.000259136616908825
-0.00017206873711557652
-0.00017206873711557652
-0.00034979291127610495
-0.00034979291127610495
-0.0001942836045133712
-0.0001942836045133712
-0.00059804150643306671
-0.00059804150643306671
-0.0001172257738168016
-0.0001172257738168016
1.4784083907626858e-05
1.4784083907626858e-05
0.00055924665334606432
0.00055924665334606432
0.00029299726409793192
0.00029299726409793192
-0.0003476852476736634
-0.0003476852476736634
0.00034659721983472581
0.00034659721983472581
-0.0002035092570272824
-0.0002035092570272824
0.00040378334437995463
0.00040378334437995463
-6.6910561002034969e-05
-6.6910561002034969e-05
0.00032049656603799786
0.00032049656603799786
-0.0001108361751415055
-0.0001108361751415055
-0.00015660208868740482
-0.00015660208868740482
-0.00014232754146431521
-0.00014232754146431521
-0.00030689316316380731
-0.00030689316316380731
-0.00010108145502616057
-0.00010108145502616057
-0.00028832984400864085
-0.00028832984400864085
-0.00013575931942590944
-0.00013575931942590944
-4.6403735397217286e-05
-4.6403735397217286e-05
0.0002621424066415866
0.0002621424066415866
-0.00038530357868502902
-0.00038530357868502902
0.00027042291270239411
0.00027042291270239411
-7.4429738252258399e-05
-7.4429738252258399e-05
-0.00014907067946849808
-0.00014907067946849808
9.7982350241989296e-06
9.7982350241989296e-06
-0.00010815186598817256
-0.00010815186598817256
8.8758650346657874e-06
8.8758650346657874e-06
-0.00025203754876160521
-0.00025203754876160521
0.00014035380628715568
0.00014035380628715568
-3.6802091311039389e-05
-3.6802091311039389e-05
0.00043962884621770931
0.00043962884621770931
3.0602594972703242e-05
3.0602594972703242e-05
-0.00040165242917075005
-0.00040165242917075005
-7.2450250704016238e-06
-7.2450250704016238e-06
6.3987226064412181e-05
-0.00021776073253002831
-0.00021776073253002831
0.00066451028717261435
0.00066451028717261435
-0.0004588233526667701
-0.0004588233526667701
9.3393939621035254e-05
9.3393939621035254e-05
-0.00021006768794690019
-0.00021006768794690019
0.00029367664927773605
0.00029367664927773605
0.00041870234770738038
0.00041870234770738038
-7.6490765415803026e-05
-7.6490765415803026e-05
4.0022705146822935e-05
4.0022705146822935e-05
0.00010166398948637225
0.00010166398948637225
0.00030570432006606654
0.00030570432006606654
-0.00020072922554505485
-0.00020072922554505485
-8.8891132406899775e-05
-8.8891132406899775e-05
-0.00021988549126770426
-0.00021988549126770426
0.00013086968801183667
0.00013086968801183667
0.00038340907731533949
0.00038340907731533949
-3.7775761677763e-05
-3.7775761677763e-05
0.00028631803045543199
0.00028631803045543199
-7.6999880006277808e-05
-7.6999880006277808e-05
6.6850559490545932e-05
6.6850559490545932e-05
-7.9153246098964564e-05
-7.9153246098964564e-05
0.00037886628866126698
0.00037886628866126698
0.00049236849997754187
0.00049236849997754187
-9.6289519008557186e-05
-9.6289519008557186e-05
-0.000229264271765709
-0.000229264271765709
-0.00041413208163955791
-0.00041413208163955791
-0.00018475293917162854
-0.00018475293917162854
1.0220503891953245e-05
1.0220503891953245e-05
0.0002924281715224833
0.0002924281715224833
0.00010078879242610962
0.00010078879242610962
-3.3354737993881229e-05
-3.3354737993881229e-05
-9.0728316372556668e-06
-9.0728316372556668e-06
6.8500634142175807e-05
6.8500634142175807e-05
-4.9414419417775451e-05
-4.9414419417775451e-05
-0.0003373522550465547
-0.0003373522550465547
-0.00031513167021050468
-0.00031513167021050468
0.00024960584369560748
0.00024960584369560748
0.00042999692936613747
0.00042999692936613747
5.5460517831200155e-05
5.5460517831200155e-05
0.00011296026795873971
0.00011296026795873971
5.3475568818684861e-05
5.3475568818684861e-05
-7.2420150596114044e-05
-7.2420150596114044e-05
0.00018869762948490139
0.00018869762948490139
6.7896580084147358e-05
6.7896580084147358e-05
0.00029939823174447228
0.00029939823174447228
-5.3288095528726018e-05
-5.3288095528726018e-05
-9.2988431383508099e-06
-9.2988431383508099e-06
-4.6244492130279019e-05
-4.6244492130279019e-05
-9.0361070934042234e-07
-9.0361070934042234e-07
9.3125273638336857e-05
9.3125273638336857e-05
-0.00022336774627314506
-0.00022336774627314506
-0.00040655036730365384
-0.00040655036730365384
-9.4694146929469837e-05
-9.4694146929469837e-05
0.00010215764625017651
0.00010215764625017651
-2.4618462081866736e-06
-2.4618462081866736e-06
0.00011451246750942122
0.00011451246750942122
0.00033325252572519393
0.00033325252572519393
-0.00029617084384053164
-0.00029617084384053164
-3.3316972711319739e-05
-3.3316972711319739e-05
-0.00016781322389299277
-0.00016781322389299277
0.0001205432132624376
0.0001205432132624376
-0.00024371429304696822
-0.00024371429304696822
0.00023720972602312766
0.00023720972602312766
-0.00028969412502889052
-0.00028969412502889052
-0.00045803739203850925
-0.00045803739203850925
-0.00010973632001462903
-0.00010973632001462903
0.00030520295602654165
0.00030520295602654165
-0.00028959459302313093
-0.00028959459302313093
-0.00032849130051409254
-0.00032849130051409254
-0.00010388035992980223
-0.00010388035992980223
-0.00032091391088808282
-0.00032091391088808282
-0.00022412435558236983
0.00016918377993182149
0.00016918377993182149
9.0100346767538168e-05
9.0100346767538168e-05
0.00023471831402798845
0.00023471831402798845
-9.2106360100724469e-05
-9.2106360100724469e-05
0.00025944384014408829
0.00025944384014408829
-4.462984373210718e-05
-4.462984373210718e-05
-0.00027740429024773663
-0.00027740429024773663
-2.2819521800795721e-05
-2.2819521800795721e-05
6.7476991535056266e-05
6.7476991535056266e-05
-1.6329940716543284e-05
-1.6329940716543284e-05
-0.00020431766754278136
-0.00020431766754278136
-0.00012280441641085918
-0.00012280441641085918
5.1940334275995265e-05
5.1940334275995265e-05
0.00014001877313390295
0.00014001877313390295
0.00031970544441913435
0.00031970544441913435
0.00015550774246139544
0.00015550774246139544
0.00017454514197360314
0.00017454514197360314
0.00010943664747324023
0.00010943664747324023
-0.00015931715737488444
-0.00015931715737488444
0.00024984694790121262
0.00024984694790121262
-0.00014400209470631317
-0.00014400209470631317
6.2976135164083662e-05
6.2976135164083662e-05
-0.0004986813896210281
-0.0004986813896210281
0.0001569025329327512
0.0001569025329327512
-0.00019138818281565681
-0.00019138818281565681
0.0002617158744913425
8.9655981017560651e-05
8.9655981017560651e-05
0.0002173898686622097
0.0002173898686622097
0.00020332471630603684
0.00020332471630603684
-9.326582525598247e-05
-9.326582525598247e-05
0.00021290627081023788
0.00021290627081023788
-0.00064543524149306749
-0.00064543524149306749
0.00024766323976245183
0.00024766323976245183
1.0435088703833112e-05
1.0435088703833112e-05
-0.00031637844196533415
-0.00031637844196533415
4.5911755163915714e-06
4.5911755163915714e-06
0.00020162933958466211
0.00020162933958466211
0.0003081096086917984
0.0003081096086917984
-0.00046549618747822953
-0.00046549618747822953
0.00022602373388716382
0.00022602373388716382
0.00011432933845508526
0.00011432933845508526
-3.3755341468924715e-05
-3.3755341468924715e-05
-0.00026428932389179957
-0.00026428932389179957
0.00023800199659070322
0.00023800199659070322
-7.7185901950100572e-05
-7.7185901950100572e-05
-2.7953926733400399e-05
-2.7953926733400399e-05
0.00026389885695181277
0.00026389885695181277
-5.2419877856004117e-05
-5.2419877856004117e-05
-6.1433330821427374e-05
-6.1433330821427374e-05
0.00019898405719215171
0.00019898405719215171
-8.8997191429186361e-05
-8.8997191429186361e-05
0.00012206769610297438
0.00012206769610297438
0.00023193679275764756
0.00023193679275764756
-9.5543510165792806e-05
-9.5543510165792806e-05
5.6930096086939131e-05
5.6930096086939131e-05
5.363824986188835e-06
5.363824986188835e-06
0.00012133268097970922
0.00012133268097970922
0.00016338566444900598
0.00016338566444900598
-9.5177105050812992e-05
-9.5177105050812992e-05
-0.00013232571029966084
-0.00013232571029966084
-0.00025784424763378535
-0.00025784424763378535
-1.4161678233043099e-05
0.00030063924220396457
7.4382212625114774e-05
7.4382212625114774e-05
1.8498076837682048e-05
1.8498076837682048e-05
0.00015231332715443666
0.00015231332715443666
-0.00017008381814575486
-0.00017008381814575486
3.9013910218043591e-05
3.9013910218043591e-05
0.00043905442088028643
0.00043905442088028643
0.00039767861270300058
0.00039767861270300058
-0.0001262645516046753
-0.0001262645516046753
0.00017186333456711145
0.00017186333456711145
-0.00015317166100875922
-0.00015317166100875922
-0.00019379022597448763
-0.00019379022597448763
3.7643268336703747e-05
3.7643268336703747e-05
0.00016654742459060556
0.00016654742459060556
-0.00024403726217110439
-0.00024403726217110439
-2.5545571715684685e-05
6.825497137085421e-05
6.825497137085421e-05
-0.00020772055371805076
-0.00020772055371805076
-8.995877825325822e-05
-8.995877825325822e-05
0.00019325771649370086
0.00019325771649370086
0.00015555090313602011
0.00015555090313602011
0.00052873634946307407
0.00052873634946307407
-0.00016281126878899181
-0.00016281126878899181
-0.00016154371514446334
-0.00016154371514446334
-8.3556127830753413e-05
-8.3556127830753413e-05
9.4237489330585911e-05
9.4237489330585911e-05
-0.00024499376485821077
-0.00024499376485821077
-8.0927540198098987e-05
-8.0927540198098987e-05
-5.6832014352204701e-05
-5.6832014352204701e-05
-0.0002363065507433143
-0.0002363065507433143
-6.3408417541452951e-05
-6.3408417541452951e-05
-0.00011100244553871235
0.00027919662296565123
0.00027919662296565123
0.0002352538577508913
0.0002352538577508913
7.8316815440971258e-05
7.8316815440971258e-05
-0.000193745548718296
-0.000193745548718296
5.1915888106152714e-06
5.1915888106152714e-06
2.726579466586771e-05
2.726579466586771e-05
2.4134853502627006e-05
2.4134853502627006e-05
0.00036190223330105289
0.00036190223330105289
-0.00014765076368937821
-0.00014765076368937821
-0.00018197686754450261
-0.00018197686754450261
0.0005820475641729419
0.0005820475641729419
0.00026414735665706814
0.00026414735665706814
0.00017165701447435523
0.00017165701447435523
-0.00016613875417755648
-0.00016613875417755648
0.00029780761353280467
0.00029780761353280467
-0.00018621578096420757
-0.00018621578096420757
7.1126542923963053e-05
7.1126542923963053e-05
-9.7081754910471687e-05
-9.7081754910471687e-05
-0.00017761958233144707
-0.00017761958233144707
-2.2310109902252261e-05
-2.2310109902252261e-05
2.2774683747468223e-05
2.2774683747468223e-05
-0.00030023065193437364
-0.00030023065193437364
-0.00019435048324721794
-0.00019435048324721794
0.00030731190415910241
0.00030731190415910241
0.00025561437137948596
0.00025561437137948596
0.0001560680843276933
0.0001560680843276933
0.00028005760026677244
0.00028005760026677244
6.4980197314884339e-05
0.00020789888290438999
0.00020789888290438999
-0.00039184270187939542
-0.00039184270187939542
8.0269899690974092e-05
8.0269899690974092e-05
6.8532744062752059e-05
6.8532744062752059e-05
0.00029364321873278423
0.00029364321873278423
0.0002401741852467761
0.0002401741852467761
0.00017106369787367893
0.00017106369787367893
4.5103796861614446e-05
0.00026758594612322662
0.00026758594612322662
4.8085195061119063e-05
4.8085195061119063e-05
-0.00016159486579115631
-0.00016159486579115631
0.00040330611242894764
0.00040330611242894764
2.6368914549092319e-05
2.6368914549092319e-05
-4.5036967832055893e-05
-4.5036967832055893e-05
0.00026627262892040855
0.00026627262892040855
0.00010265876680044956
0.00010265876680044956
0.00011868044881438305
0.00011868044881438305
-0.00013440457574556011
-0.00013440457574556011
-6.5145857576286053e-05
-6.5145857576286053e-05
-0.00029558543146048107
-0.00029558543146048107
0.00010623733487732092
0.00010623733487732092
-0.00037766908250305096
-0.00037766908250305096
-9.9776235828403709e-05
-9.9776235828403709e-05
2.798274185992974e-05
2.798274185992974e-05
3.5290826253069446e-06
3.5290826253069446e-06
-0.00036942028093381839
-0.00036942028093381839
-0.00028286699809010655
-0.00028286699809010655
0.00016162593472951396
-0.00019187649684236418
-0.00019187649684236418
-7.3037901022129532e-05
-7.3037901022129532e-05
-2.5724872460061238e-05
-2.5724872460061238e-05
0.00010295394867756522
0.00010295394867756522
-0.00021902139517335141
-0.00021902139517335141
-7.6672768064324679e-05
-7.6672768064324679e-05
0.00011900577099594316
0.00011900577099594316
-1.8946433574481271e-05
-1.8946433574481271e-05
-0.00011086101747112078
-0.00011086101747112078
0.00011901380564719913
0.00011901380564719913
0.00021240282052607798
0.00021240282052607798
-6.2493787344536952e-05
-6.2493787344536952e-05
0.00012289137534001661
0.00012289137534001661
-0.00011507644685987966
-0.00011507644685987966
0.00024770852842704129
0.00024770852842704129
-0.00013924435835692468
-0.00013924435835692468
-0.00018837153521557482
-0.00018837153521557482
7.9066083278009941e-05
7.9066083278009941e-05
0.00010605822352276706
0.00010605822352276706
8.0553004245492358e-05
8.0553004245492358e-05
-0.00025034629886860248
-7.6762329543125327e-05
-7.6762329543125327e-05
-0.00038222563228979309
-0.00038222563228979309
-0.00019662504350963149
-0.00019662504350963149
0.00020402631682800172
0.00020402631682800172
-0.00015836976747255651
-0.00015836976747255651
-4.4612000909308557e-05
-4.4612000909308557e-05
0.0002567509362135826
0.0002567509362135826
0.00027318601275093759
0.00027318601275093759
-0.00030956419003125464
-0.00030956419003125464
-0.00031599263784586084
-0.00031599263784586084
0.00018130444044434777
0.00018130444044434777
0.00021601777533174519
0.00021601777533174519
-5.3331719150516333e-05
-5.3331719150516333e-05
-6.6012122234068059e-05
-6.6012122234068059e-05
0.00017771124151485645
0.00017771124151485645
0.00016709186307269384
0.00016709186307269384
-0.00018454561614130387
-0.00018454561614130387
0.00017200013743297123
0.00017200013743297123
0.00015214693838703526
0.00015214693838703526
-6.696852371688293e-05
-6.696852371688293e-05
-0.00028229849062929191
-0.00028229849062929191
-0.00012914192314499154
-0.00012914192314499154
0.00031301191789641445
0.00031301191789641445
0.00049607354618534823
0.00049607354618534823
-0.00034456030956090327
-0.00034456030956090327
-8.5627383815061017e-05
-8.5627383815061017e-05
0.00041138598918428126
0.00041138598918428126
-0.00028085285753516956
-0.00028085285753516956
-0.00019292112869372422
-0.00019292112869372422
-6.6875519905583618e-05
-6.6875519905583618e-05
0.00023824407657746822
0.00023824407657746822
-9.6033573409325413e-05
-9.6033573409325413e-05
0.00023793377228569718
0.00023793377228569718
-0.00016408912084992194
-0.00016408912084992194
-2.5330924611462504e-05
-2.5330924611462504e-05
-0.00021110434402694242
-0.00021110434402694242
-0.00015555347455504804
5.2196417453740575e-05
5.2196417453740575e-05
-0.00047964621187750417
-0.00047964621187750417
-3.2561050330630643e-05
-3.2561050330630643e-05
0.00030132175005013312
0.00030132175005013312
8.7264689179079578e-05
8.7264689179079578e-05
2.5200281078033806e-05
2.5200281078033806e-05
-0.00019176531843132725
-0.00019176531843132725
-0.00011981552520308052
-8.4255097795012891e-05
-8.4255097795012891e-05
5.5579861828547002e-05
5.5579861828547002e-05
8.6830121722011062e-06
8.6830121722011062e-06
-0.00010526126694263538
0.0001781327938668335
0.0001781327938668335
1.9030369656688152e-05
1.9030369656688152e-05
0.00034111853634228478
0.00034111853634228478
0.00025351584028864661
0.00025351584028864661
0.00016421524622629684
0.00016421524622629684
0.00014281528863936856
0.00014281528863936856
-0.00034393677136310152
2.3668920440352345e-05
2.3668920440352345e-05
-9.9490701385630535e-05
-9.9490701385630535e-05
0.00023153894654068502
0.00023153894654068502
-5.1497573322075968e-06
-5.1497573322075968e-06
0.00015300493846204821
0.00015300493846204821
-0.00019322867839406934
-0.00019322867839406934
-2.2979364777433907e-05
-2.2979364777433907e-05
-1.3237003025278459e-05
-1.3237003025278459e-05
-0.00023679848756621253
-0.00023679848756621253
0.00012244534783121031
0.00012244534783121031
-0.00030081137337165662
-0.00030081137337165662
7.4542414644615076e-05
7.4542414644615076e-05
0.00010514683665354375
0.00010514683665354375
0.00040042640374534028
0.00040042640374534028
0.00025685958100397314
0.00025685958100397314
-0.00014918692546211907
-0.00014918692546211907
2.4234455756942703e-06
2.4234455756942703e-06
-7.3057399951676318e-06
-7.3057399951676318e-06
-0.00047100814603794609
-0.00047100814603794609
-0.00041690399394280224
-0.00041690399394280224
-0.00033610949051761661
-0.00033610949051761661
1.187868872214399e-05
1.187868872214399e-05
7.6511339662036697e-05
7.6511339662036697e-05
-5.279087664453582e-05
-5.279087664453582e-05
-3.3571379792672017e-05
-3.3571379792672017e-05
6.2760912651549104e-05
6.2760912651549104e-05
-0.0001726598209876002
-0.0001726598209876002
-0.00019828249947634278
-0.00019828249947634278
0.00026421837226123229
0.00026421837226123229
2.757451925420441e-05
2.757451925420441e-05
-0.00020530010950073276
-0.00020530010950073276
0.0002239978223883278
0.0002239978223883278
2.0388368256687695e-05
2.0388368256687695e-05
0.0001736166999712572
0.0001736166999712572
-9.2166413107823541e-05
-9.2166413107823541e-05
0.00010632039346485599
0.00010632039346485599
-9.9963467711876802e-05
-9.9963467711876802e-05
-0.00025631265583208441
-0.00025631265583208441
-0.00025018244398640829
-0.00025018244398640829
5.5846265263117339e-05
5.5846265263117339e-05
-0.00036217927695800218
-0.00036217927695800218
0.00033036936503468836
0.00033036936503468836
-0.00018476554755193092
-0.00018476554755193092
-0.00023899783466806634
-0.00023899783466806634
-0.00022173833780373282
-2.3327794166874372e-05
-2.3327794166874372e-05
-0.00013175877464969901
-0.00013175877464969901
0.00054186917288791888
0.00054186917288791888
0.00016050841326050461
0.00016050841326050461
7.266307861907889e-05
7.266307861907889e-05
-7.3559702333429063e-05
-7.3559702333429063e-05
2.9893336634204724e-05
2.9893336634204724e-05
-9.9966021645956361e-05
-9.9966021645956361e-05
3.8459824766551908e-05
3.8459824766551908e-05
-1.9465647122618062e-05
-1.9465647122618062e-05
-0.00013518299116909691
-0.00013518299116909691
-0.00012982017663306069
-0.00012982017663306069
-0.00014910196310658611
-0.00014910196310658611
0.00025292143332741862
0.00025292143332741862
6.9381114085059165e-07
6.9381114085059165e-07
0.00013753891498322028
0.00013753891498322028
-0.00015240614584267044
-0.00015240614584267044
7.0781911773066375e-05
7.0781911773066375e-05
0.00019568309247231284
0.00019568309247231284
-3.2760919921841209e-05
-3.2760919921841209e-05
9.0950826901155989e-05
9.0950826901155989e-05
-0.00030262789770500189
0.00025059458734379999
0.00025059458734379999
-0.00011795466073093702
-0.00011795466073093702
-0.00038948657365841621
-0.00038948657365841621
6.2173114707261131e-06
6.2173114707261131e-06
0.00013501073754126599
0.00013501073754126599
-0.00010209157475561841
-0.00010209157475561841
-9.7720263180805104e-05
-9.7720263180805104e-05
0.0001636059123135275
0.0001636059123135275
-0.00022171455718902671
-0.00022171455718902671
-2.4873953903133268e-05
-2.4873953903133268e-05
-0.0002475284458713848
-0.0002475284458713848
-0.0001175266520971711
-0.0001175266520971711
5.0887544964445114e-05
5.0887544964445114e-05
4.8254330634714359e-05
4.8254330634714359e-05
-0.00011718721735030751
-0.00011718721735030751
0.00011492867721784495
0.00011492867721784495
0.00016588882489898074
0.00016588882489898074
0.00020442250281556051
0.00020442250281556051
-0.00016719931553669823
-0.00016719931553669823
-6.0574769793597389e-05
-6.0574769793597389e-05
-0.00016620403980458501
-0.00016620403980458501
3.7308603540948605e-05
3.7308603540948605e-05
3.4040908175982591e-05
3.4040908175982591e-05
-0.00013862133803430287
-0.00013862133803430287
-0.00034357051994282444
-0.00034357051994282444
-0.00019002204490867561
-0.00019002204490867561
-8.6481207832532991e-05
-8.6481207832532991e-05
-0.00012921571954900625
-0.00012921571954900625
-0.00022283021660139294
-0.00022283021660139294
-5.2888851222478515e-06
-5.2888851222478515e-06
0.00019914739209949976
0.00019914739209949976
6.5518843439930682e-05
6.5518843439930682e-05
-0.00010352668420682692
-0.00010352668420682692
3.7070869175681389e-05
3.7070869175681389e-05
-7.673473730603502e-05
-7.673473730603502e-05
-0.00014596638212078679
-0.00014596638212078679
-0.00031948805488427604
-0.00031948805488427604
-0.00023727578487736111
-0.00023727578487736111
8.9376231369489641e-05
8.9376231369489641e-05
-0.0001166084513021072
-0.0001166084513021072
-0.00010988419574104057
-0.00010988419574104057
-0.00010662381362148541
-0.00010662381362148541
-0.00018093035098462094
-0.00018093035098462094
-0.00043684052045338696
8.7095548145084138e-05
8.7095548145084138e-05
0.00013330353915300038
0.00013330353915300038
0.00010103176551557792
0.00010103176551557792
-1.3965063804465247e-05
-1.3965063804465247e-05
3.417947402346005e-05
3.417947402346005e-05
-0.00029053109579921921
-0.00029053109579921921
7.1145345256373442e-05
7.1145345256373442e-05
0.00011658884811352311
0.00011658884811352311
2.3163584743334352e-05
2.3163584743334352e-05
0.00030787021886991602
-0.00013851031119422417
-0.00013851031119422417
3.5494426663158792e-05
6.2976109989234546e-05
0.00016432644520157118
0.00016432644520157118
-0.00018369110559937184
-0.00018369110559937184
-0.00023152851478862668
-0.00023152851478862668
-0.00011752008701608042
-8.0469535651266281e-05
-8.0469535651266281e-05
6.0114994559079807e-05
6.0114994559079807e-05
0.00013175254413358322
0.00013175254413358322
8.5127010736999045e-05
8.5127010736999045e-05
-0.00027095873234296005
-0.00027095873234296005
-6.3516419871168615e-05
-6.3516419871168615e-05
5.8971517630690713e-05
-0.00013861281159283231
0.00024987572369669718
0.00024987572369669718
0.00029999396475382893
0.00029999396475382893
-4.1482159523846796e-05
-4.1482159523846796e-05
3.498877444656841e-06
3.498877444656841e-06
-7.7448899480641968e-05
-7.7448899480641968e-05
0.00017282430346000907
0.00017282430346000907
-3.5751830270064957e-05
-3.5751830270064957e-05
0.00033805554743576054
0.00033805554743576054
0.00026055736638862063
0.00026055736638862063
-0.00020116685327729115
-0.00020116685327729115
-0.00014561260198532266
-0.00014561260198532266
-0.00044383078736717058
-0.00044383078736717058
-9.7181977629402986e-05
-9.7181977629402986e-05
-0.0001403047121699616
-0.0001403047121699616
0.00025958718511609789
0.00025958718511609789
0.00015981019269231371
0.00015981019269231371
0.00017636489637436575
0.00017636489637436575
0.00013007611473836941
0.00013007611473836941
3.1713002991699071e-05
3.1713002991699071e-05
0.00030414034194853329
-0.0003006147655804314
-0.0003006147655804314
4.7756292340143827e-05
4.7756292340143827e-05
0.00017651551471272394
0.00017651551471272394
0.0002752653445773788
0.0002752653445773788
-0.00010309628132930756
-0.00010309628132930756
0.00020924935732893389
0.00020924935732893389
-3.4545542202285513e-05
-3.4545542202285513e-05
-5.4763255357170241e-05
-5.4763255357170241e-05
3.4267989322289932e-05
3.4267989322289932e-05
0.00047173959779742207
0.00047173959779742207
0.00017552509033209529
0.00017552509033209529
9.9966914995007087e-05
9.9966914995007087e-05
4.2221642955099719e-05
4.2221642955099719e-05
-0.00023761360653986032
-0.00023761360653986032
-0.00018644262943110822
-0.00018644262943110822
0.00023369718773239362
0.00023369718773239362
0.00022666670034219151
0.00022666670034219151
-5.8953474607025965e-05
-5.8953474607025965e-05
-8.3571184579562582e-06
-8.3571184579562582e-06
-3.2646049856410306e-05
-3.2646049856410306e-05
-7.1250713985375187e-05
-7.1250713985375187e-05
-7.0791070655577303e-05
-7.0791070655577303e-05
-4.7688952733090887e-05
-4.7688952733090887e-05
0.00010516490357182194
0.00010516490357182194
-0.00026104899030829609
-0.00026104899030829609
-0.00011875766945275952
-0.00011875766945275952
0.0001297290839773354
0.0001297290839773354
-9.6821041424332497e-05
-9.6821041424332497e-05
-2.7642290635222171e-05
-2.7642290635222171e-05
-5.2011383385961352e-05
-5.2011383385961352e-05
8.0225958113303592e-05
8.0225958113303592e-05
0.00014907551021775024
0.00014907551021775024
0.00014795607743159302
0.00014795607743159302
-5.4196353707343072e-05
-5.4196353707343072e-05
-3.6292810109478588e-05
-3.6292810109478588e-05
-0.00012954630268038311
-0.00012954630268038311
-0.00010617840925194944
-0.00010617840925194944
-0.00012495308669432153
-0.00012495308669432153
-8.2899700148495692e-05
-8.2899700148495692e-05
-0.00041131094320360047
-0.00041131094320360047
7.7650369414733168e-05
7.7650369414733168e-05
-0.0002233238766064015
-0.0002233238766064015
0.00017850929174509849
0.00017850929174509849
5.3810081296516436e-05
5.3810081296516436e-05
3.3096639173660407e-05
3.3096639173660407e-05
0.00020636654512137898
0.00020636654512137898
-0.00011017808087680161
-0.00011017808087680161
-0.00019141213263989873
-0.00019141213263989873
-2.0977517651138106e-05
-2.0977517651138106e-05
0.00011273549496493323
-0.0002669600067923094
-0.0002669600067923094
-0.00011083172986449357
-0.00011083172986449357
-6.3108342493097786e-05
-6.3108342493097786e-05
-0.0002799496907103409
0.00035027226696797138
0.00035027226696797138
-0.00013898815186073749
-0.00013898815186073749
0.00024422885970563489
0.00024422885970563489
0.00020771539934892424
0.00020771539934892424
-0.00028052186680582345
-0.00028052186680582345
-0.00017995128969791521
-0.00017995128969791521
-0.00021211597237561831
-0.00021211597237561831
-0.00021398229770671552
-0.00020468620330828735
0.00018769826128453454
0.00018769826128453454
-0.00014312088895390568
-0.00014312088895390568
0.00011339589681781643
0.00011339589681781643
-0.00012159980105570172
-0.00012159980105570172
0.00013920541041873976
0.00013920541041873976
-0.00010208202570559387
-0.00010208202570559387
0.00014095494956426234
0.00014095494956426234
0.00013682818421057629
0.00013682818421057629
-7.2824892678308341e-05
-7.2824892678308341e-05
-0.00017650068201669196
-0.00017650068201669196
3.2370525541525408e-05
3.2370525541525408e-05
-8.2982071276043172e-05
-8.2982071276043172e-05
-5.7783261965456413e-05
-5.7783261965456413e-05
-8.4086805731914708e-05
-8.4086805731914708e-05
8.3642194496978835e-05
8.3642194496978835e-05
8.3932510740972866e-05
8.3932510740972866e-05
9.149561534215824e-05
9.149561534215824e-05
4.1327150696714872e-05
4.1327150696714872e-05
0.00011213593123182038
0.00011213593123182038
-9.7709777429736153e-06
-9.7709777429736153e-06
-4.4738230323765652e-05
-4.4738230323765652e-05
0.00013846616074730337
0.00013846616074730337
-0.00048787243497114236
-0.00048787243497114236
3.6495292883602511e-05
3.6495292883602511e-05
0.00012423604256546467
0.00012423604256546467
8.3845615981029253e-05
8.3845615981029253e-05
-2.2775453767652541e-06
-2.2775453767652541e-06
0.00021883781597304525
0.00021883781597304525
-5.5522278166968607e-05
-5.5522278166968607e-05
5.2210297664600857e-05
5.2210297664600857e-05
0.00028675763032205801
-0.00021404176696840658
-0.00021404176696840658
0.00020896702191076466
0.00020896702191076466
-0.00028046235940486913
-0.00028046235940486913
-0.00015479793101921352
-0.00015479793101921352
0.00022522625650847473
0.00022522625650847473
0.00018792725886311666
0.00018792725886311666
3.1136656508955587e-06
3.1136656508955587e-06
0.00015453008495361256
0.00015453008495361256
-5.4785108793961515e-05
-5.4785108793961515e-05
0.00015929589065307871
0.00015929589065307871
0.0002689655675780659
0.0002689655675780659
-6.532708457839494e-05
-6.532708457839494e-05
7.1845105127070556e-05
7.1845105127070556e-05
-0.00020141962100425628
-6.467012318083476e-06
-6.467012318083476e-06
-0.00010701399019708076
-0.00010701399019708076
6.3471456875483574e-05
0.00011769589957218355
0.00011769589957218355
-0.00029459028792341998
-0.00029459028792341998
0.00012547980529250107
0.00012547980529250107
-0.00011083013982122454
-0.00011083013982122454
-0.00018904354456081979
-0.00018904354456081979
5.6142939506245701e-05
5.6142939506245701e-05
-0.00020594645628328981
-0.00020594645628328981
0.00013696679614880883
0.00013696679614880883
4.3970844829723446e-05
4.3970844829723446e-05
-0.00013411472419580192
-0.00013411472419580192
-0.00020663864191644915
-0.00020663864191644915
7.5350669111922263e-07
7.5350669111922263e-07
5.6865292278773255e-07
5.6865292278773255e-07
2.9384727945338663e-05
2.9384727945338663e-05
0.00020618985221745206
0.00020618985221745206
1.0334297969565916e-05
1.0334297969565916e-05
-1.9608980133259235e-05
-1.9608980133259235e-05
0.00010188488095988234
0.00010188488095988234
-7.6176378639070317e-05
-7.6176378639070317e-05
-0.00011616030050633665
-0.00011616030050633665
-7.929836877767223e-05
-7.929836877767223e-05
6.5198679830679755e-05
6.5198679830679755e-05
0.0001281453613943697
0.0001281453613943697
0.00015425372595136944
0.00015425372595136944
-2.3133026642435725e-05
-2.3133026642435725e-05
0.0001450709421049586
0.0001450709421049586
-6.3736716690664403e-05
-6.3736716690664403e-05
7.2703290083706173e-05
7.2703290083706173e-05
0.00013270202344536829
0.00013270202344536829
3.2289779786674131e-05
3.2289779786674131e-05
0.00019766922466518607
0.00019766922466518607
-2.2491208902077977e-05
-0.00015394788793640914
0.00012194603027222243
-0.00030798450377720075
-3.3989484797729999e-05
-3.3989484797729999e-05
0.00032209970397135772
0.00032209970397135772
0.00024614163386976274
0.00032313864287956192
0.00022445889796373196
0.00022445889796373196
-0.00023892525151921045
-0.00023892525151921045
-2.5176882199888686e-05
-2.5176882199888686e-05
0.00026021628223272858
0.00026021628223272858
-3.6234989328622455e-05
-3.6234989328622455e-05
4.4427349607976297e-05
4.4427349607976297e-05
-1.9623947932215418e-05
-1.9623947932215418e-05
-0.00012398008388150267
-0.00012398008388150267
5.3811640175887727e-05
-0.00014956965557128482
-0.00014956965557128482
-0.00013862634250564034
-0.00013862634250564034
-0.00010651222755408002
-0.00010651222755408002
-0.00010221397699648213
-5.1392361558493457e-05
-5.1392361558493457e-05
0.00012038054291868773
0.00012038054291868773
-5.8671815710909729e-05
4.9693269730481237e-05
4.9693269730481237e-05
-5.2008873509460823e-05
-5.2008873509460823e-05
7.4008025281372292e-05
7.4008025281372292e-05
-0.00022130318678636413
-0.00022130318678636413
0.00018291950844831007
0.00018291950844831007
-0.00029200901163416426
-0.00019145229572684204
0.00013297436949145501
8.482180318848746e-05
8.482180318848746e-05
-0.00024391782185491045
-1.1538580344522733e-05
-1.1538580344522733e-05
-0.00028793623825595997
2.9862801680658662e-05
-5.8116720747207756e-05
