0.0073769172870098839
0.0075398255181534533
0.0017608375587759315
-0.0018030474685616245
-0.010657637381886166
-0.0085300974924456541
0.0040244045840080985
-0.0059679493660698786
6.0594724407277927e-05
0.0033283942941314737
-0.0084669696970694173
0.004860229929249186
-0.030543449682759655
-0.025538822710967982
-0.014117711303184052
-0.0018553366407455623
0.013075622773717167
-0.0039852277613915575
0.033316435726561101
-0.0099201208948983856
-0.011705804371886501
0.010756471317947344
-0.0023906711123913142
-0.031615426039024001
-0.0049444065483115907
0.015995336415300074
0.00053117910560026671
0.0010613797508584237
0.016395920974603136
0.00898369353193588
0.014013942443960493
-0.0074456737262080536
0.011240026096067253
0.020056905261103614
-0.004906260516636219
0.012590669073831546
-0.020905271481412361
-0.013239301631757672
-0.012774444967104377
-0.0075561910066138833
0.0032786562833682768
-0.00076719956959645115
-0.0046026497227429552
0.013495422236009798
0.0049081004859126282
0.0055406451966614036
-0.018651534287754061
-0.015766414360542144
-0.0056189642652188006
-0.0023707496460424883
-0.0016484984835992179
-0.016734208400256089
-0.0041827495097297284
-0.0076978977481102339
0.0053326148821579104
0.0051114443761421813
-0.0034328459441579076
-0.0020728791153793633
0.0069838634529322593
0.0094585605435644725
-0.014662430659311262
0.0029396573311301906
0.02055338680008232
0.00051447023745095446
-7.8400799648454937e-05
-0.00034622498079103043
0.0017905489882389014
-0.010501996514171077
-0.0020533920061606972
-0.013857507783070405
-0.0027329008181895139
0.0054924789685509585
0.0010507727348986753
0.01114177214339338
-0.011193713031458795
0.0062485406158549507
-0.018270118855848085
0.0083862312789390742
0.0058417044378227213
-0.010469320026068119
0.012396455917633839
-0.0025604326256483457
0.0031671474319660028
0.010330856979446426
0.0036284792575084729
-0.010125750174485667
-0.0019947169483887613
0.0025453917851501551
0.0011359256204344387
0.0033948171749328309
0.016428914053800786
-0.0085035525491606763
0.012763759252684002
0.0062625119164817743
-0.0026185825911465097
-8.1154771621253074e-05
-0.0056292559647309719
0.0043000663710208971
-0.00043755180825478314
0.0021490759746980704
0.0023712936273357623
-0.00073815002528380611
-0.010563424525544556
0.0026883763949392273
0.00062057865669703973
0.0028610120297151509
0.0056734597783314189
0.0082720264532143047
0.0030671460499632481
-0.0097253691812297528
-0.0057348408077198924
0.007006594466929362
0.0013157414013097426
-0.00037738893093387354
0.00065415077281388628
-0.00033877224345432456
-0.0045992019090728619
-0.0039552682160553226
0.0011759243113871143
0.00057150616899603857
-0.017399369829965771
-0.0076385725830987565
0.00022560455300653929
-0.0041445902722989014
-0.0026890895005143266
0.0033843572128404668
0.0016003607680953877
-0.0041118855217784885
-0.0023848826561335022
0.0016267260268294681
0.0024274126652347639
-0.0020354373722993317
-0.00082211233657598882
-0.0059739053783579793
0.0012032168210604735
-0.0026805658842874594
-0.00025879917937592968
-0.0019355363212679509
0.0033044038588256456
-0.0035231589338166227
0.0090545274629463442
-0.00011292670997592897
0.00064300908509661264
-0.00095358603798832221
-0.0044471185983240664
-0.0036981123353153297
0.0012171705292934913
-0.0010721738630899735
-0.0049338795967628036
-0.0016717579481667229
0.00017264233030267232
-0.01557618430142939
-0.0044876021831041961
0.0051585145633567106
-0.0041860114133505048
-0.0032827893279419695
0.0061521878622131324
0.00088321294272596931
0.0096899623503537199
-0.0055888530537598251
-0.0054470211023602685
-0.0054302076063377242
0.0038194779559122768
0.0061685524129788056
-0.0014044056220182937
-0.0051670535594879529
0.0038034025164748303
0.0022223826916424111
0.003674032328656456
0.00019711039877261697
0.0063259828514356155
0.00055457929155549441
0.0010914391938304645
0.0097498066455579211
-0.0065377832813059925
0.0031897058504811696
0.0016853169142314614
-0.0023543713497615137
0.0013877596862497967
0.00074193667492552715
-0.0010107105983714871
-0.0011948352612521427
0.007155053601239544
-0.0034401494455236462
0.007432939574603818
-0.0014736626532232439
0.00089680878101795769
0.0043010441075626701
-0.00095986164333035774
0.00012201103486479254
-0.0015469038765050049
-0.00039192901306926259
0.0042465590256630754
0.0028502714800831509
0.00034756382963301513
0.002189105542535724
-0.00066179268670929362
-0.00021812310068581534
-0.0047742767019152543
-0.0032300291217695941
-0.0020835391164301556
0.00067370000175983919
0.003702044135603693
-0.0056947202492340183
-0.0027063425066579517
-0.00051555931250620414
-0.0010374215619889423
-0.0025760156866289591
-0.0014587401500346668
-0.007275224450101361
0.010849157644436455
-0.003617037182968299
0.0025604712865730807
0.0015962914237307294
-0.0078854341894468646
0.0020525526262819417
0.0002429962606227086
-0.0038574464442722098
-0.00011733186975822504
-0.0049282247478125863
0.0093562876482097389
-0.0031418519177710122
-0.0013722309120862643
-0.0083267213953592857
0.0049898787265368677
0.0079285250724497637
0.0045464825385433437
-0.00018946880172928844
0.0030690737417098236
-0.0020306310629250152
0.0016725350487235362
0.001205316600024031
-0.0066651818158943487
-0.0068436346311973066
0.00042216502745797893
-0.011087374136769029
0.0081164697922346835
-0.0039525354848739466
0.0055302126163938219
0.0059867183526741878
-0.0030350871647464826
-0.00087573657911772481
0.0020606755393119992
-0.001143544551464884
-0.0057098988206983935
0.0014495327073092029
-0.00091162482260101333
0.0073048718360755318
0.0078824640108863375
0.0036743003772466186
0.0038214338203878379
0.0053553983990381618
-0.0031518082365596142
0.0026447544021338653
-0.0019539186924308204
0.0037333134850755525
0.0011336843507593777
-0.00087893855365370438
0.00072011629591488692
0.0010370365257855712
0.0017096407243941192
-0.0011958992518033061
-0.0018069197153277664
-0.0018246337642558127
0.0054198018532873376
-0.0024788837511053089
-4.3095673906296232e-05
0.001806998199891294
0.0035632252666161737
0.0023771078670017645
-0.00064367288597687148
-0.0039411683370584195
-0.0068654402700692009
-0.0060876361863562625
-0.00057317663838996969
0.0024413526408175097
0.0018924324214300136
-0.0022404907911067981
-0.004380980305467878
-0.001999122817522226
-0.0023778795486904796
-0.0022562538078002947
-0.0012857349779225285
-0.0026942035111180646
0.0016160385136647578
-0.0050235617683361483
-0.0016782811953296884
-0.0041376412732312727
-0.0012602656832448299
-0.0015924131704049636
-0.002187067318223651
0.0009096749382613567
-0.0023929035882585123
0.0039369685989905333
-0.0020040005116958803
0.0022161296236370732
0.0055777933963287382
0.0022298977953240933
0.0022561486842752666
-0.0017595754267847429
-0.0016275187575334801
-0.0020997500515954363
-0.00094894528275488263
-0.00071422348097840104
0.0018838097542388278
-0.0015024127044344355
0.0049016260139305963
0.0045480425071194094
0.0030041355425318396
0.00089278322116995612
0.0025771917856293176
0.00070914261639802763
0.0043459230265975556
-0.0024104132624707506
0.0061741334103766997
-0.0070434820403939271
-0.0043737923248974185
0.0038882611368062036
-0.00061095014357658603
0.00032079881053935559
-0.002585019212775493
0.0057720630904148588
0.0047568428434883511
0.0041686244373149673
0.0052278972224556733
0.0016277908195309241
0.0021204809777893891
0.0014343571409409905
-9.7088719017987839e-05
-0.0019273400231498161
-0.006736250036295164
-0.003709167287016073
0.0023543630496559186
-0.0030080026862677181
-0.004315740396720549
0.0001960319437070432
0.0012103963708693301
-0.0037456731126959929
0.0068036353071741539
0.0025051068154078962
0.00065665384217731887
0.0025489435161986434
0.0021484480998173751
0.0079210119909921637
0.0017926136435269207
-0.00061084883217935732
-0.002975548684530478
0.0019954160097895956
0.0034485030705538895
-0.0073847426124650888
-0.012060322738391367
0.0049932001698531287
-0.0013969434823469051
0.0019330108105440958
-0.0048303345807124767
0.0036287004062789002
0.0013760007825900943
0.0019172315113284897
0.0036872816941164177
0.0019316663053757731
-0.0041528079053272113
0.0007247380015761273
-0.0014894191781271138
0.01160473043497778
0.0045483844249964607
0.0091946025762230533
7.6307211098972585e-05
-0.0037362449545785348
-0.0057012049936904985
0.0031265706432734232
0.0020030004133054372
0.0035330993215592662
-0.0050667805819632622
-0.0047318784218583106
-0.0057670291049844074
0.00051897927194753072
-0.0014835843668068453
0.0038227143979827154
0.0041905057654601802
0.0035127448038009745
-0.0042873777910039284
0.0050210138107969178
0.0045727797796435163
0.015367501065691212
-0.0019396958126206237
0.0076537807771917049
-0.0014767981416205932
0.0047340180789310054
-0.0013865441736072778
0.00082115400917454225
-0.0012449760184346298
-0.0041306087390347961
-0.0051701337461081244
0.0085978108500318652
-0.0023912314453931644
-0.0034598154446274301
-0.006601372989158724
-0.00014214586079022695
-6.4823284602511533e-05
-0.00075251093888281922
-0.0069815293251398926
-0.0015515814106978562
0.0021275118863924741
0.0075099997406221303
0.00092685488461060738
0.0046492833956745744
0.0030415327981510192
-0.0024698477103246223
-0.0046329058709593911
0.001151086645719397
0.0024782581308206053
0.0060741960576448234
0.0018936756790435727
-0.0036290814000409302
-0.0053516982707068183
-0.0035317728217398657
-0.005347918473951138
-0.005461675849239362
0.0022580230478893813
-0.0014956011168013386
0.0022305035035908821
-0.0040486363798143627
0.0042539055788682707
-0.0034842219245331445
0.010081754620673695
-0.0064081489349076416
0.00046117443237529568
0.0063287985595334361
0.0012411864257650409
-0.011293049993325904
-0.00018384983931629646
0.0030092004795362879
-0.0046728654788722613
0.0083756756698567299
0.0023296200810798418
-0.010418683827533769
0.0030795400855360244
-0.00043219075242624316
0.0040655384145289819
0.0082129889765682421
0.012787173145269037
-0.0055431041171733215
0.0014124079679358064
-0.00060764295062033075
0.0060320444764284716
0.00065299684318821975
-0.0074722205902006652
-0.0027272339540805189
-0.012290451892767873
-0.0027012908754472618
-0.0014182514765921095
-0.0060365299683008064
-0.0020836057856799262
-0.0029000900523679491
0.0011700294155908553
0.0036631672356108383
0.0034600726437877764
-0.0036845418058387086
0.0088747812008494117
0.0011378921625820398
0.0011433466156015816
0.0015482619183536516
-0.0064740146015150775
0.0065569826074971761
-0.0066672311586893429
0.0069996574006495338
0.0045640482163908638
0.00081629238167732661
-0.00046380000669698482
-0.0017444339339416088
0.0042415658361538927
0.0057586825812141838
-0.0010669635828252162
0.020255223768018901
-0.0022560066202363736
-0.0040462776526550377
0.00060653062753589693
-0.0029382463907021029
0.0058219532803670936
-0.0060239828999481835
0.0067773194374176459
0.0074829265831792662
-0.0092396218507426013
0.0021951466311045122
-0.0096665488189527603
-0.0015837475008575956
-0.0046277776621151089
-0.0045000346427444436
-0.0030756058675719972
0.00047404350269485319
0.0040045134379135434
-0.0086336551993446402
-0.0059657933583322385
-0.00084454544431941453
0.0022073713862796572
0.0011291238170227436
0.0054812092282679982
-0.0043244308989180648
-0.0035085735718583403
0.0096137176983853399
0.0089689582202298872
-0.00043241155174237461
-0.008876817717415348
-0.0073200217044691153
0.004309635655902159
0.0011117708245851577
-0.0020799875325000199
-0.0012218626777072349
0.010068848859215412
0.0052188190344471981
0.0020435368059838026
0.0068426003345363872
-0.007256661474474198
0.0019153097206663131
-0.0039479039782956745
0.0033466223042793656
0.0023767808846178228
0.0025633276077749886
-0.0065175118106509042
0.0055159221247334132
-0.0058037764429339197
-0.003177389363147016
0.0060304206373679925
0.00072659647322647779
-0.0032186741945757955
0.0045718994731034869
-0.0025508578101126477
-0.0038421389133797114
0.0043636107998335479
-0.0076731767820952196
-0.0014739478522985459
-0.0049096472441677429
0.0073665643408363634
0.00055237917290828684
-0.0043310474831279077
0.0032583213351377381
0.0076233445060860921
0.0019785540008674914
0.0037808604159870244
0.0017778084108235179
-0.002384058369958815
0.0032596141963953376
0.002213740392407351
0.00019964383839731585
0.0001269385294714317
0.00031215979200094806
-0.0051982214326876993
0.0025554290166885608
0.0042849308150747049
0.0063676527357599509
0.004026751609156636
-0.0066149237272141777
0.0030429292580763513
0.001129527523763691
-0.0028389252621093533
-0.0007349983268485254
-0.0075604365928825523
0.0075062744892529874
0.0049381104826546479
0.0034920287545539019
-0.0025836608624332951
-0.0017659514201308838
-0.00016503025981863504
-0.0026919235022980726
-0.0056855218209315292
0.0034756769298948001
-0.0021245243830879672
-0.00059865090600023387
0.01066380198829257
0.0086072925059917822
0.00030614528148573562
-0.00017901366372399883
0.0020640391904924969
-0.0075100569786487204
-0.0029544218301322629
0.0022406082673987371
0.0083031446207840424
0.0094658155193427847
-0.0026717174868282757
-0.0052002873779641457
0.0060450881083339873
-0.0043779072430090446
-0.0021270437902485232
0.0034921194501947956
0.011470346227007145
-0.0016749360292994458
-0.0011346456879530065
-0.0067971094012202402
-0.001538066356193746
0.009541937482088465
-0.0084519940003685359
-0.0010161792551515337
0.0043129941775019061
-0.0056700049117825351
-0.0028021667482380462
-0.0010304204624994285
0.0041473038350189938
-0.005850795045752602
-0.0045039886827193771
0.0045874863029235413
0.0044719938726446376
-0.0014142790118077959
-0.0010914750306290038
-0.0087414259255783663
-0.0016790434991750343
-0.0026626735500975256
-0.0065390756381242931
0.0023730654297114263
0.014156337092652613
0.0095154898942729719
0.0078368477997217065
0.0070039343672962202
0.0024355005406576568
-0.016928174319302845
0.010603721208447336
-0.0045912803658067431
-0.010475367311544265
0.0073217439629967469
0.018529072287741529
-0.0057499325083663136
0.0072624261294274659
0.024395950265257985
-0.0026327039454639438
0.040893447661331746
-0.025884078166467147
0.01676881362762218
0.0013465839225983817
0.0042025959631659246
-0.012214888602154779
0.008232716539985455
0.008232716539985455
-0.010200493461886666
-0.0053217254770953305
0.0029200206563380925
0.0029200206563380925
-0.0076842268020943004
-0.0076842268020943004
-0.0010927454040065984
-0.0018515013089972364
6.4711352953094944e-05
6.4711352953094944e-05
-0.0014862152697379192
-0.0014862152697379192
-0.00049368126491675861
-0.00049368126491675861
0.0053562414841045302
0.0053562414841045302
0.0014936259600748848
0.0014936259600748848
-0.0033233416756064849
-0.0033233416756064849
0.0038827544141295648
0.0038827544141295648
-0.001621179022565573
-0.0011156035243856993
-0.0011156035243856993
-0.00081252239298916929
-0.00081252239298916929
0.0054580520581023152
0.0054580520581023152
0.0026742296510759832
0.0026742296510759832
0.0060298264269512169
0.0060298264269512169
-0.0024802908425246937
0.00065968289659578305
-0.0044527188050484095
-0.0036485529624295612
-0.0034417841706192889
-0.0034417841706192889
0.0030933047429804461
0.0030933047429804461
-0.0020494724918598264
-0.0020494724918598264
-0.001239795205896664
-0.0019918709400500402
-0.0019918709400500402
0.00052546747238471734
0.00052546747238471734
-0.0015401458249658219
-0.0015401458249658219
-0.00074500015726154233
-0.00074500015726154233
0.0029264343154606202
0.0012715810551881808
0.00097886556372419969
0.00097886556372419969
-0.0027825947681559141
-0.0027825947681559141
-0.00064308849316137154
-0.00040614059631563769
-0.00040614059631563769
-0.00028700800318352284
-0.00028700800318352284
0.0021095102668679247
0.0014585997518703733
0.0014585997518703733
-0.00013522165588943839
-0.00013522165588943839
0.0019721255756271132
0.00067381870908365558
0.00067381870908365558
-7.8281006086169618e-05
-7.8281006086169618e-05
-0.0086161663456776009
-0.0086161663456776009
-0.00060981015154059509
-0.00060981015154059509
-0.00078974861601447267
-0.00078974861601447267
-0.0024491232056068207
-0.0024491232056068207
-0.001909029373028229
-0.001909029373028229
0.00011643988944556954
0.00011643988944556954
0.0027998700096908899
0.0027998700096908899
-0.001936396792543161
-0.001936396792543161
-0.003338454760025374
-0.003338454760025374
0.00062344839773191161
0.00062344839773191161
0.001060643228280964
0.001060643228280964
-0.001125553080587736
0.00063866499405205665
0.00063866499405205665
0.0008259209156915385
0.0008259209156915385
-0.00040795848799272271
-0.0028109167054215329
-0.0028109167054215329
0.0012187300601683997
0.0012187300601683997
0.00036028558726487828
0.00036028558726487828
-0.0017837951010490722
-0.0017837951010490722
-0.0023559895965370291
-0.0023559895965370291
6.356200003324851e-06
6.356200003324851e-06
0.00017921299166256325
-0.00035687732214228178
-0.00035687732214228178
0.00083415378431649957
0.00083415378431649957
-0.00015589727466589376
-0.00015589727466589376
-0.0012180472673388187
-0.0012180472673388187
-4.1565461440390129e-05
-4.1565461440390129e-05
-0.00042611079337309741
-0.00042611079337309741
0.0012984391180765758
0.0012984391180765758
0.00065966989993770735
0.00065966989993770735
-0.0002878232399187828
-0.0002878232399187828
-0.00034742340678995016
-0.00034742340678995016
-0.0013806866975430271
-0.0013806866975430271
-0.00027630371567152328
-0.00027630371567152328
-0.0010718053457739476
-0.0023373919710666679
-0.0023373919710666679
0.00099247064477022556
0.00099247064477022556
-0.00056265494541445852
-0.00056265494541445852
-0.00013824696426764654
-0.00013824696426764654
-9.7855376654626817e-05
-9.7855376654626817e-05
-0.0096367158231181402
-0.0096367158231181402
-0.00029215894160470842
-0.00029215894160470842
-0.004453931388981168
-0.004453931388981168
-0.0025540140279285287
-0.0025540140279285287
-0.0001472066708072756
-0.0001472066708072756
0.0019903397146542635
0.0019903397146542635
-0.0015788634079195319
-0.0015788634079195319
0.00079392657382298417
-0.00074954932449848479
-0.00074954932449848479
0.00068151471782970045
0.00068151471782970045
-0.00094792636149698499
-0.00094792636149698499
0.0076806997973277212
0.0076806997973277212
0.00094860013869331992
0.00094860013869331992
-0.0065687462344726525
-0.0065687462344726525
0.00042669900674053435
0.00042669900674053435
0.00069272295932821745
-0.0012774049311191215
-0.0012774049311191215
-0.00019485744583865736
-0.00019485744583865736
-0.0014125845558042873
-0.0014125845558042873
-0.001110338846762838
-0.001110338846762838
0.00090018128495134204
0.00090018128495134204
-0.0012916790331287207
-0.0012916790331287207
-0.0012307311063190773
-0.0012307311063190773
0.0010940226728529589
0.0010940226728529589
-0.00010747091663630687
-0.00010747091663630687
0.00023038644713529012
0.00023038644713529012
0.00036924427746675136
0.00013571323299577665
-0.001656090813505776
-0.001656090813505776
0.00069731407502841966
0.00069731407502841966
-0.00066753549072788424
-0.00066753549072788424
-0.00066819349481721192
0.0017528832522996172
0.0017528832522996172
0.0021471133675375663
0.0021471133675375663
0.00098576198760762625
0.00098576198760762625
-0.0002047432880229962
0.0012023248139336176
0.0012023248139336176
0.0012965667441518997
0.0012965667441518997
0.00085296702458969936
0.00085296702458969936
-0.001220856460361227
-0.001220856460361227
0.0020142233706972484
0.0020142233706972484
-0.00066510678720260274
-0.00066510678720260274
-0.00046256997545297953
-0.00046256997545297953
-0.0017359642905846651
-0.0017359642905846651
-0.0015907920997123293
-0.0015907920997123293
-0.00037503647001206126
-0.00037503647001206126
0.001661790362902859
0.001661790362902859
-0.00081151622680042813
-0.00081151622680042813
-0.00070701688013178287
-0.00070701688013178287
-0.0016153698382660598
-0.0016153698382660598
-0.00012357097842532311
-0.00012357097842532311
-0.0015020116713865728
-0.0015020116713865728
0.0012349324285479129
0.0012349324285479129
0.0014690206043014814
0.0014690206043014814
-0.0033665581811279763
-0.0033665581811279763
0.0015582921580955759
0.0015582921580955759
-9.8151430977256164e-05
-9.8151430977256164e-05
-0.0015652699850348566
-0.0015652699850348566
-0.0017328997072837708
-0.0017328997072837708
0.0015766125461315849
0.0013112010244552799
0.0013112010244552799
0.00060712338387045896
0.00060712338387045896
0.00098762337671190773
0.00098762337671190773
-0.0015844932408203003
-0.0015844932408203003
0.00071865048817589526
0.00071865048817589526
-0.0019574102377563794
-0.00081521595590895366
-0.00081521595590895366
0.0017566137267798119
0.0017566137267798119
-0.0019228640899092977
-0.0019228640899092977
-0.00086762621133222703
-0.00086762621133222703
-0.00036314765040218081
-0.00036314765040218081
0.0011469794041856763
0.0011469794041856763
6.0351619825524509e-05
6.0351619825524509e-05
3.0936448979597888e-05
3.0936448979597888e-05
0.00015333862834114034
0.00015333862834114034
1.5983545560029393e-06
-0.00097633816397319157
-0.00097633816397319157
0.00033289551640725815
0.00033289551640725815
-0.00097484037529388997
-0.00097484037529388997
-0.00042996077502499488
-0.00042996077502499488
-0.00015239357740730363
-0.00015239357740730363
0.00054712039839416239
0.00054712039839416239
-0.0008869605890602189
-0.0008869605890602189
-0.00046463864758963921
-0.00046463864758963921
0.0010259119020020948
0.0010259119020020948
-4.2491740459640431e-05
-4.2491740459640431e-05
0.000685428733952459
0.000685428733952459
0.00049887574980404673
0.00049887574980404673
0.00030302939376588916
-0.00040174450876086291
-0.00040174450876086291
0.0026620857568083415
0.0026620857568083415
-0.00036168770954921644
-0.00031409553647521036
-0.00031409553647521036
-0.00070779666774505089
-0.00070779666774505089
0.00045681305593794891
-0.00010723214579913342
-0.00010723214579913342
-0.00049573179267951059
-0.00049573179267951059
-0.00036321537020355115
-0.00036321537020355115
-0.0016087815105660958
-0.0016087815105660958
-0.00013816758102436436
-0.00013816758102436436
6.3638565836757579e-05
-0.00079084125549298302
-0.00079084125549298302
0.00091343126570186451
0.00091343126570186451
0.00030049490114501706
0.00030049490114501706
0.0001206836299718461
0.0001206836299718461
0.00015598833497463286
0.00015598833497463286
-2.1491373469412807e-05
-2.1491373469412807e-05
-0.00071980434748917046
-0.00071980434748917046
0.00077594984708154895
-7.9215017302923057e-05
-7.9215017302923057e-05
0.0003550604531102586
0.0003550604531102586
0.00064406001505670242
0.00064406001505670242
-0.00089592514775118216
-0.00089592514775118216
-0.00010777218003001163
-0.00010777218003001163
0.00060894228605763701
0.00060894228605763701
0.00029514250134125722
0.00029514250134125722
0.00033336413589985094
0.00033336413589985094
0.00024291122987466255
0.00024291122987466255
0.00030334157322093339
0.00030334157322093339
6.2181868702737518e-05
6.2181868702737518e-05
-0.0010161052295844608
-0.0010161052295844608
-0.00016019046812778469
-0.00016019046812778469
-0.00035979596326751723
-0.00035979596326751723
0.0005620078807015759
-5.9455502834113248e-05
-5.9455502834113248e-05
0.00033250131797433276
0.00033250131797433276
0.00077957245718925929
0.00077957245718925929
-0.00070713008461655176
-0.00070713008461655176
0.00054106277198648822
0.00054106277198648822
0.0016765584062408338
0.0016765584062408338
0.00011210136904341317
0.00011210136904341317
0.00029799980294508761
0.00029799980294508761
-0.00015118554064191088
-0.00015118554064191088
-0.00083777128284344133
6.1788783277863562e-05
6.1788783277863562e-05
-0.0017146953638795329
-0.0017146953638795329
0.00010648673054949131
0.00010648673054949131
-0.00012975182870129026
-0.00012975182870129026
0.0021874861101778692
0.0021874861101778692
0.000121101295028996
0.000121101295028996
0.0001033133292868468
0.0001033133292868468
0.00011511656819911779
0.00011511656819911779
-0.00019891505520304675
-0.00018545253838433089
-0.00018545253838433089
0.00063892971454709022
0.00063892971454709022
-0.00024686484359915631
-0.00024686484359915631
-0.0002955710065235868
-0.0002955710065235868
0.00024818346038928721
0.00024818346038928721
-0.00031633699694930394
-0.00031633699694930394
-0.00062955900637074878
-0.00062955900637074878
0.00013882187839671926
0.00013882187839671926
0.00045682651951519483
0.00045682651951519483
0.00069184252739783864
0.00069184252739783864
0.00030439842601843927
0.00030439842601843927
3.0423251584726725e-05
3.0423251584726725e-05
0.0005125641676261885
0.0005125641676261885
0.00039048049887532437
0.00039048049887532437
-0.00014423779784107464
-0.00014423779784107464
-0.00041449976371481446
-0.00041449976371481446
-0.00082210882593289521
-0.00082210882593289521
0.00014961348837091101
0.00014961348837091101
7.4795019503571004e-05
7.4795019503571004e-05
0.00059657510291104233
0.00059657510291104233
-0.00018463377802255477
-0.00018463377802255477
-0.00024030269431466814
-0.00024030269431466814
-0.00026742451164285183
-0.00026742451164285183
0.00091469531300742075
-0.00017705289264675943
-0.00017705289264675943
0.00086318125977086213
0.00086318125977086213
-0.00018033419908006294
-0.00018033419908006294
-0.00045317150137834329
0.0012844217287536336
0.0012844217287536336
-0.00094205825110222404
-0.00094205825110222404
0.00016393800026742486
0.00016393800026742486
-0.00028031840449695811
-0.00028031840449695811
0.00012629533184283534
0.00012629533184283534
0.00087183408304189101
0.00087183408304189101
-6.8696850212285565e-05
-6.8696850212285565e-05
0.00015586671364085892
0.00015586671364085892
-0.00036109862092686203
-0.00036109862092686203
8.6324100345737249e-05
8.6324100345737249e-05
-0.00051966712943284251
-0.00051966712943284251
0.00036667025801465509
-0.00048548021910869901
-0.00048548021910869901
1.4182493250138129e-05
1.4182493250138129e-05
0.00054930184823768059
0.00054930184823768059
-0.00037736428995069696
-0.00037736428995069696
0.00045935488387970292
0.00045935488387970292
-0.00066891211392081421
-0.00066891211392081421
0.00030582112919058901
0.00030582112919058901
0.00052565358696245927
0.00052565358696245927
-2.2135543850944216e-05
-2.2135543850944216e-05
0.00074103464399558419
0.00074103464399558419
0.0010322845780374329
0.0010322845780374329
-0.00015695775187935893
-0.00015695775187935893
0.00016542373095655594
0.00016542373095655594
-0.00057414597560223211
-0.00057414597560223211
-0.00020527887615097467
-0.00020527887615097467
0.00023904399888394673
0.00023904399888394673
0.00031760443451263239
0.00031760443451263239
-0.00058171277525400657
-0.00069095898580326886
-0.00069095898580326886
-0.00059521291448255979
-0.00059521291448255979
0.00027496094377927585
9.0249194115364647e-05
9.0249194115364647e-05
0.00050890253677215709
0.00050890253677215709
0.0008084755109727716
0.0008084755109727716
-0.00093887729161620185
-0.00093887729161620185
0.00080997483813287808
0.00080997483813287808
-0.00051071818297938497
-0.00051071818297938497
0.0011229036444510932
0.0011229036444510932
0.00028881004014083843
0.00028881004014083843
0.00031450525446443886
0.00031450525446443886
0.00076329786273121841
0.00076329786273121841
0.00052161799955761023
0.00052161799955761023
0.00044010560105182332
0.00044010560105182332
-0.0007758490985435841
-0.0007758490985435841
0.00058515915131555972
0.00058515915131555972
0.0002541052237014955
0.0002541052237014955
-0.00038422335159814149
-0.00047206219183720073
-0.00047206219183720073
-0.00020493369506186773
-0.00020493369506186773
0.00087601913899121114
0.00087601913899121114
-0.00012978681566671221
-0.00012978681566671221
0.00033225139166221838
0.00033225139166221838
0.00062576898364088258
-5.6131313617265055e-06
-5.6131313617265055e-06
2.6867607170211392e-05
2.6867607170211392e-05
-0.00064556815562157054
-0.00064556815562157054
-1.9283789557245906e-05
-1.9283789557245906e-05
0.00022165232409241629
0.00022165232409241629
-0.00031761456882433689
-0.00031761456882433689
0.00041087556099082703
0.00041087556099082703
-8.5486456453347085e-05
-8.5486456453347085e-05
0.00055560017395571394
0.00055560017395571394
-0.00034965568374848897
-0.00034965568374848897
-0.00083767991005572633
-0.00083767991005572633
0.00016346012168901285
0.00016346012168901285
1.3205034997195005e-05
1.3205034997195005e-05
-0.00020981514530693442
-0.00020981514530693442
-3.5149531146010399e-05
-3.5149531146010399e-05
0.00040586506472584111
0.00040586506472584111
0.00038310663169633139
1.2165096381227197e-05
1.2165096381227197e-05
0.00024725146616017847
0.00024725146616017847
0.00019473601397530178
0.00019473601397530178
0.00014867903798831622
0.00014867903798831622
-0.00070360296755019567
-0.00070360296755019567
0.00018258723628414452
0.00018258723628414452
6.9985160406394928e-05
6.9985160406394928e-05
5.6413065212032406e-05
5.6413065212032406e-05
0.00064984104658871028
0.00016125304929693552
0.00016125304929693552
0.00021095793403886143
0.00021095793403886143
0.00036591179162112207
0.00036591179162112207
0.00057450592460428897
0.00057450592460428897
0.00012253481307950234
0.00012253481307950234
0.00059106370082082462
0.00059106370082082462
0.00040489592542005575
0.00040489592542005575
0.00042185085942608562
0.00042185085942608562
-0.00092489417714909704
-0.00024607691161521026
-0.00024607691161521026
0.00050413060168392706
-0.00047434141833612022
-0.00047434141833612022
-8.8867666138349235e-05
-8.8867666138349235e-05
0.00050103725927367064
0.00050103725927367064
0.00013934235550399054
0.00013934235550399054
-4.6359155070472225e-05
-4.6359155070472225e-05
-0.00011666986772153641
-0.00011666986772153641
0.00025484614693229471
0.00025484614693229471
-0.00068416944872625905
-0.00068416944872625905
-0.00031060775870341624
-0.00031060775870341624
-0.00090920321286510773
-0.00090920321286510773
9.2320494866018453e-07
9.2320494866018453e-07
-0.00032992800670553587
-0.00032992800670553587
-0.00029203321788742482
-0.00029203321788742482
-0.0002693930714870379
-0.0002693930714870379
-0.00050209005661177133
-0.00050209005661177133
0.00010612482256580821
0.00010612482256580821
-0.00019998460739803251
-0.00019998460739803251
-0.00032591476940085733
-0.00032591476940085733
9.7408843258293975e-05
9.7408843258293975e-05
-0.00057312754093047694
-0.00057312754093047694
0.00045683275873149772
0.00045683275873149772
-4.786121021700161e-05
0.00048208943494831738
0.00048208943494831738
0.0010144130640234359
0.0010144130640234359
3.8232190333894014e-05
3.8232190333894014e-05
0.00015648466864659407
0.00015648466864659407
-3.989763062501825e-05
-3.989763062501825e-05
-0.00033515834239588118
-0.00033515834239588118
-0.00025465478239834136
-0.00024294030063273762
-0.00024294030063273762
0.00019158707638183346
0.00019158707638183346
0.00041948349954934683
0.00041948349954934683
0.00014755673367983043
0.00014755673367983043
0.00028528462807655703
0.00028528462807655703
-9.5445798846700254e-06
-9.5445798846700254e-06
2.8921188442198732e-06
2.8921188442198732e-06
-0.00017478037413583896
-0.00017478037413583896
-0.00015908159778192887
-0.00015908159778192887
-0.00036525416399209553
-0.00065789729259181889
-0.00065789729259181889
0.00016848721667045476
0.00016848721667045476
-0.00014540704813409061
-0.00014540704813409061
0.00099737236220642875
0.00099737236220642875
-0.00039192659433884177
-0.00039192659433884177
-2.9351939883859883e-05
-2.9351939883859883e-05
8.4300097085533453e-06
8.4300097085533453e-06
-0.00052836884634553075
-0.00052836884634553075
0.00075423614458176825
0.00075423614458176825
8.4906433416644334e-05
8.4906433416644334e-05
-0.00023895059544399292
-0.00023895059544399292
0.00014060343993662901
0.00014060343993662901
0.00043394656259383138
0.00043394656259383138
-0.00036551501135000293
-0.00036551501135000293
-0.00010940535970344254
-0.00010940535970344254
0.00010608645615678928
0.00010608645615678928
0.0004998917185825366
-6.4014565427920889e-05
-6.4014565427920889e-05
-3.5605050793835875e-05
-3.5605050793835875e-05
2.2318739833332918e-05
2.2318739833332918e-05
0.00016465114586131755
0.00016465114586131755
0.00010085456552847384
0.00010085456552847384
0.00015382299363251111
0.00015382299363251111
-0.00056161301251893237
-0.00056161301251893237
0.00031507548856855383
0.00031507548856855383
0.00028749825693898817
0.00028749825693898817
-0.00045838115238389771
0.00013147260852493001
0.00013147260852493001
0.0003184599764000667
0.0003184599764000667
0.00012304891898379163
0.00012304891898379163
3.4444169863989991e-05
-0.00020900992658516332
-0.00020900992658516332
1.0267229708184496e-05
1.0267229708184496e-05
-0.00011782368014082047
-0.00011782368014082047
-0.00057510672535183755
-0.00057510672535183755
-0.00043891811384162368
-0.00043891811384162368
-0.00032433251462334403
-0.00032433251462334403
0.0010941812237090947
0.0010941812237090947
0.0009157923405940636
0.0009157923405940636
-0.00066955256911159055
-0.00066955256911159055
-0.00011785198073808777
-0.00011785198073808777
0.00022262717678120728
0.00022262717678120728
4.4115377154134861e-05
4.4115377154134861e-05
-0.00017854343666691031
-0.00017854343666691031
-0.00010244608525111633
-0.00010244608525111633
-7.452519819236616e-05
-7.452519819236616e-05
-8.9646641741030273e-05
-8.9646641741030273e-05
0.00060552840037598349
0.00060552840037598349
0.00058515495380066361
0.00058515495380066361
-0.00019810322440932425
-0.00019810322440932425
0.00043408192839385377
0.00043408192839385377
-0.00017863922324355314
-0.00017863922324355314
0.0002185999014255279
0.0002185999014255279
5.884356124670107e-05
5.884356124670107e-05
-0.00026644164643574772
-0.00026644164643574772
-9.7204400262510134e-06
-9.7204400262510134e-06
-0.00014907712472162266
-0.00014907712472162266
0.00023610608646679228
0.00023610608646679228
-0.0005212332953166745
-0.0005212332953166745
-0.0002440596926770944
-0.0002440596926770944
-3.6551342704375887e-07
-3.6551342704375887e-07
0.00018153457656181857
0.00018153457656181857
0.0001826778076147752
0.0001826778076147752
-5.6824889807784831e-05
-5.6824889807784831e-05
-1.6103595205034485e-05
-1.6103595205034485e-05
0.00041177619548164041
0.00041177619548164041
-0.00024384122760348284
-0.00024384122760348284
-0.00022156873866055604
-0.00022156873866055604
0.00014166633972991435
0.00014166633972991435
0.00025485363967941131
0.00025485363967941131
0.00028767399819918591
0.00028767399819918591
0.00021030874957056245
0.00021030874957056245
0.00048114422777869372
0.00048114422777869372
-6.6785798013961002e-05
-6.6785798013961002e-05
4.3496121988313783e-05
-0.00014945572835631425
-0.00014945572835631425
1.2954229943331811e-05
1.2954229943331811e-05
0.0001033793544929257
0.0001033793544929257
0.00012983486182726919
0.00012983486182726919
-0.00030049293439574027
0.00033408765339064237
0.00033408765339064237
-0.0002468263474118718
-0.0002468263474118718
0.00019029742300047327
0.00019029742300047327
5.3256509689941497e-05
5.3256509689941497e-05
-0.00021735474646221572
-0.00021735474646221572
0.00016356006640918803
0.00016356006640918803
0.00027497310852444965
0.00027497310852444965
-0.00014112771397313941
-0.00014112771397313941
0.00020544063954044915
0.00020544063954044915
-0.00068780229376807763
-0.00068780229376807763
6.9843925517176341e-05
6.9843925517176341e-05
-4.8318421479577246e-06
-4.8318421479577246e-06
-7.673275898241321e-05
-7.673275898241321e-05
-0.00040921018448107947
-0.00040921018448107947
0.00032070883421972239
0.00032070883421972239
-0.00079961731068104976
-0.00079961731068104976
-0.00014164409167387196
-0.00014164409167387196
0.00017074491747336528
0.00017074491747336528
-0.00022341543605252495
-0.00021820506693536246
-1.0138179206682959e-05
-1.0138179206682959e-05
0.00026668837193924536
0.00026668837193924536
-0.00077902693184754188
-0.00077902693184754188
-0.0011007282479301649
-0.0011007282479301649
-0.00035976296495763188
-0.00035976296495763188
0.00020151015625971571
0.00020151015625971571
-0.00030223294750398162
-0.00030223294750398162
-1.9910287128920193e-05
-1.9910287128920193e-05
-0.00024918614649932627
-0.00024918614649932627
0.00011526521923503489
0.00011526521923503489
6.4393968887228631e-05
6.4393968887228631e-05
8.3102023596700391e-05
8.3102023596700391e-05
-3.048012818705925e-05
-3.048012818705925e-05
-0.00067946854699641986
-0.00067946854699641986
2.4416729099035169e-05
2.4416729099035169e-05
7.22735599646011e-05
7.22735599646011e-05
0.00020351508403570188
0.00020351508403570188
-8.8605448675295901e-05
-8.8605448675295901e-05
0.00018489198268131335
0.00018489198268131335
-9.1559687213636103e-05
-9.1559687213636103e-05
-0.00017126769281383
-0.00017126769281383
0.00015953181564953657
0.00015953181564953657
-0.00061932735273428842
-0.00061932735273428842
0.00066497155027063861
0.00066497155027063861
-0.00013645989716417532
-0.00013645989716417532
-0.00022288180258158027
-0.00022288180258158027
0.00029022964416832966
0.00029022964416832966
-0.00037658932280033196
0.0004213742420054231
3.8043391246371165e-05
3.8043391246371165e-05
-0.00028553559174810967
-0.00028553559174810967
0.00023916119534274534
0.00023916119534274534
0.0003561574878053268
0.0003561574878053268
3.3507703679192385e-05
3.3507703679192385e-05
-0.00035001737136963436
-0.00035001737136963436
3.2135057981449189e-07
3.2135057981449189e-07
-0.00048996872970996099
-0.00048996872970996099
2.3853255039335452e-05
2.3853255039335452e-05
4.5298084670088004e-05
0.00035719627650928449
0.00035719627650928449
-0.00061675012470591823
-0.00061675012470591823
-0.00029805957511155954
-0.00029805957511155954
0.00043983347248267819
-0.00012618266494095318
-0.00012618266494095318
-6.4973987865730125e-05
-6.4973987865730125e-05
-0.0003189781908767643
-0.0003189781908767643
-0.00021046295649415324
-0.00021046295649415324
-0.00051912501992337095
-0.00051912501992337095
0.00034535739624106965
0.00034535739624106965
-5.6729939178979478e-05
-5.0069046957229837e-05
-5.0069046957229837e-05
0.0003905001936559004
0.0003905001936559004
0.00022998361250108168
0.00022998361250108168
-7.3045463138938607e-05
-7.3045463138938607e-05
0.00046614417377989747
0.00046614417377989747
-6.2913282172730982e-06
-6.2913282172730982e-06
0.00021199592435606921
0.00021199592435606921
5.2101318001288911e-05
5.2101318001288911e-05
0.00030831464793482875
0.00030831464793482875
-0.00013982959400464769
-0.00013982959400464769
-0.00016780106933106509
0.00047537243177648712
0.00047537243177648712
0.00043661288745199049
0.00043661288745199049
-0.00019997831152793264
-0.00019997831152793264
0.00011819782049068793
0.00011819782049068793
-0.00023130250111595991
-0.00023130250111595991
0.00068233591592508388
0.00068233591592508388
-0.00044032126143659381
-0.00044032126143659381
-0.00039564837881684418
-0.00039564837881684418
-0.00030204243603420747
-0.00030204243603420747
0.00024540578255747707
0.00024540578255747707
-0.00015979998962228396
-0.00015979998962228396
-6.3047701573037439e-05
-6.3047701573037439e-05
0.00038768739442632526
0.00038768739442632526
0.00029935055590793138
0.00029935055590793138
-6.6470947976907007e-05
-6.6470947976907007e-05
-0.000133822780937605
-0.000133822780937605
0.00014562980184462324
0.00014562980184462324
-0.00026146866042826053
-0.00026146866042826053
0.00033387971183135496
0.00033387971183135496
0.00018616576242861242
0.00018616576242861242
-2.0790911867262016e-05
-2.0790911867262016e-05
0.00021353454552158182
0.00021353454552158182
6.7609555415497783e-05
6.7609555415497783e-05
0.00024815800197031037
0.00024815800197031037
-1.505704551411797e-05
-1.505704551411797e-05
0.00018513330477766746
0.00018513330477766746
0.00017218498659974976
0.00017218498659974976
-3.8503897192059524e-05
-3.8503897192059524e-05
-0.00013384752885378971
-0.00013384752885378971
0.00041784159139304349
0.00041784159139304349
7.8187398556220228e-05
7.8187398556220228e-05
-0.00040427784764186721
0.00031111067350170999
0.00031111067350170999
0.00034727704500067403
0.00034727704500067403
-1.3198339008774416e-05
-1.3198339008774416e-05
-0.00020786851305714348
-0.00020786851305714348
0.00010471845879662153
0.00010471845879662153
-4.9109628818555774e-06
-4.9109628818555774e-06
0.00022229492012323742
0.00022229492012323742
0.00014793810775170387
0.00014793810775170387
-9.2277174102627576e-05
-9.2277174102627576e-05
3.5331531134338792e-05
3.5331531134338792e-05
-0.00013181209394273161
-0.00013181209394273161
-6.0725079215418708e-05
-6.0725079215418708e-05
-9.4559431767168189e-05
-9.4559431767168189e-05
0.0002810976454989141
0.0002810976454989141
-0.0002061273453001474
-0.0002061273453001474
-8.5645933132999727e-05
-8.5645933132999727e-05
-1.8650601765228779e-05
-1.8650601765228779e-05
-0.00029729283122563845
-0.00029729283122563845
-0.00029545136947921476
-0.00029545136947921476
0.00054742061960215752
0.00054742061960215752
-0.00031317855108074425
2.64105141659892e-05
2.64105141659892e-05
0.00029704697591328636
0.00029704697591328636
-0.00015157671937683273
-0.00015157671937683273
0.00016878571784577286
0.00016878571784577286
-1.1415897226033029e-05
-1.1415897226033029e-05
0.00015439398560586885
0.00015439398560586885
0.00099785211154683495
0.00099785211154683495
-0.00025627008980226839
-0.00025627008980226839
-0.00039385567603131765
-0.00039385567603131765
-0.00012582385331419229
-0.00012582385331419229
0.00022709841458618706
0.00022709841458618706
0.00034632543003671346
0.00034632543003671346
0.00058630707969070921
0.00058630707969070921
0.00014346531063491521
0.00014346531063491521
0.00028893969053019232
0.00028893969053019232
-0.00010214590513293471
-0.00010214590513293471
0.0001207516231102417
0.0001207516231102417
0.0001001406541983858
0.0001001406541983858
0.00011168181249574195
0.00011168181249574195
-2.4629303512757696e-05
-2.4629303512757696e-05
0.00015439075070812979
0.00015439075070812979
0.00020604839612809001
0.00020604839612809001
-0.0001359301684104946
-0.0001359301684104946
7.8912484890944555e-05
7.8912484890944555e-05
4.3512812656764547e-05
4.3512812656764547e-05
-0.00027423102988775091
-0.00027423102988775091
2.4872360769933897e-05
2.4872360769933897e-05
-0.00033517646182536405
-8.8944181734048946e-05
-8.8944181734048946e-05
0.00051163569782565965
0.00051163569782565965
-0.00028792329981037346
-0.00028792329981037346
-0.00048318820627204785
-0.00048318820627204785
-3.6666453470384348e-05
-3.6666453470384348e-05
-0.0002141201662548221
-0.0002141201662548221
0.00010220525532474166
-7.6205744717578017e-05
-7.6205744717578017e-05
0.00089327785872620716
-0.00064829982033025573
-0.00064829982033025573
3.1630636398573542e-05
3.1630636398573542e-05
0.00025621488740827891
0.00025621488740827891
0.0004681415275073401
0.0004681415275073401
0.00013514196641167673
0.00013514196641167673
-0.00038634490132638413
-0.00038634490132638413
-0.00022533928470762072
-0.00022533928470762072
-0.00037715016785184628
-0.00037715016785184628
-0.00021548459888522773
-0.00021548459888522773
-0.00018437703717168275
-0.00018437703717168275
0.00021210498310297019
0.00021210498310297019
-0.00044433135883455778
-0.00044433135883455778
-0.00038020707460856344
-0.00038020707460856344
5.6198114453025738e-05
5.6198114453025738e-05
0.00038173377062032269
0.00038173377062032269
0.00036599372969878664
0.00036599372969878664
-0.00025070114711295667
-0.00025070114711295667
0.00035336476757861563
0.00035336476757861563
-2.251758920223638e-05
-2.251758920223638e-05
0.00024634445153295747
0.00024634445153295747
0.0001120492755769541
0.0001120492755769541
-2.6421504251397829e-05
-2.6421504251397829e-05
4.5653749765796552e-05
4.5653749765796552e-05
2.7337510602511155e-05
-7.73555805816914e-05
-7.73555805816914e-05
-0.00016784595834538424
-0.00016784595834538424
-0.00013534979663378164
-0.00013534979663378164
-0.00018387126124407902
-0.00018387126124407902
-0.00012954950322288832
-0.00012954950322288832
0.00010464083430540082
0.00010464083430540082
0.00054759670156361495
0.00054759670156361495
0.00038459877406875359
0.00038459877406875359
-1.6123389461005842e-05
-1.6123389461005842e-05
9.7961496101193972e-05
9.7961496101193972e-05
5.6059405514346013e-05
2.2526724237175301e-05
-0.00035775513109565535
-0.00035775513109565535
-7.7869728864380467e-05
-7.7869728864380467e-05
6.895337676729083e-05
6.895337676729083e-05
0.00015347566712956785
0.00015347566712956785
-0.00076987555183705386
-0.00076987555183705386
-0.00055505555138864995
-0.00055505555138864995
0.00067047616006094522
0.00067047616006094522
0.00014460612364466645
0.00014460612364466645
0.00069129723431965006
0.00069129723431965006
-0.00019818199199687382
-0.00019818199199687382
-0.00014230756971528246
-0.00014230756971528246
-0.00021798896650114484
-0.00021798896650114484
0.00010948640877233346
0.00010948640877233346
-3.6568798564876721e-05
-3.6568798564876721e-05
9.2866193853340459e-05
9.2866193853340459e-05
-8.188898619757712e-05
-8.188898619757712e-05
0.00050071329589377223
0.00050071329589377223
-0.00045815841342641567
-0.00045815841342641567
-0.00013753262779167081
-0.00013753262779167081
0.00021491636801510041
0.00021491636801510041
-0.00013424372872501534
-0.00013424372872501534
-0.00011540029227134071
-0.00011540029227134071
-0.00042900333966237571
-0.00042900333966237571
0.00041432828789219548
0.00041432828789219548
-0.00038575186284545013
-0.00038575186284545013
-0.00039443501544203361
-0.00039443501544203361
0.00011036075257211475
0.00011036075257211475
0.00026757837785939344
0.00026757837785939344
-0.00025526705923617688
-0.00025526705923617688
-8.2891008692747995e-05
-8.2891008692747995e-05
0.00016026303113493635
0.00016026303113493635
0.00019035947535339214
0.00019035947535339214
-0.00011515364642049629
-0.00011515364642049629
0.00040926723583839888
0.00040926723583839888
-4.4543323502130429e-05
-4.4543323502130429e-05
0.00031699420797979904
0.00031699420797979904
-1.8169098672806096e-05
-1.8169098672806096e-05
0.0001049783027565521
0.00014475885703080265
0.00014475885703080265
-7.4565847872913468e-05
-7.4565847872913468e-05
-0.00020670523287012448
-0.00020670523287012448
-0.00022433544215391609
-0.00022433544215391609
4.6846458240872648e-05
-3.3297293267461046e-05
-3.3297293267461046e-05
0.00018954887204867841
-0.00038921748931656429
-0.00038921748931656429
-2.0126388871494735e-06
-2.0126388871494735e-06
-3.6441874130403104e-05
-3.6441874130403104e-05
-4.2800731500373658e-05
0.00025719359808529241
0.00025719359808529241
-8.4985098497023878e-05
-8.4985098497023878e-05
-0.00013076743651328879
-0.00013076743651328879
-0.00016735931306945717
-0.00016735931306945717
0.00016745984285842814
0.00016745984285842814
0.00025606117106973122
0.00025606117106973122
0.00017995436518699411
0.00017995436518699411
-5.3183497910957767e-05
-5.3183497910957767e-05
-4.1565298275772014e-05
-4.1565298275772014e-05
-9.014026705066465e-05
-9.014026705066465e-05
1.3850733997469327e-05
1.3850733997469327e-05
0.00027010764439819817
0.00027010764439819817
0.00053145453085624882
0.00053145453085624882
-0.00022507134363277393
-0.00022507134363277393
-0.00013714620130939587
-0.00013714620130939587
0.00065614056370528952
0.00065614056370528952
9.6000193712160139e-05
9.6000193712160139e-05
4.4681680597457415e-05
4.4681680597457415e-05
-0.00010186500644359402
-0.00010186500644359402
2.8669813096188191e-05
2.8669813096188191e-05
0.00030188986513094725
0.00030188986513094725
-0.00029856784667203778
-0.00029856784667203778
-0.00013572346927259556
-0.00013572346927259556
0.00040271609292388052
0.00040271609292388052
3.3193721014805951e-05
3.3193721014805951e-05
0.00012664247225976425
0.00012664247225976425
8.9542264563022698e-05
8.9542264563022698e-05
-0.00021122411532889526
-0.00021122411532889526
-2.8743308107696155e-05
-2.8743308107696155e-05
-0.00025497833277493174
-0.00025497833277493174
0.00022189953638336869
0.00022189953638336869
2.5262555968824584e-05
2.5262555968824584e-05
-0.000187979427217192
-0.000187979427217192
-0.00025055865181041994
-0.00025055865181041994
-0.00017702785090538989
-0.00015419334162172462
-0.00015419334162172462
-0.00013260138985883924
-0.00013260138985883924
0.00051546292523537362
0.00016839895210891636
0.00016839895210891636
0.00013495668565576815
0.00013495668565576815
-0.00018525336009022589
-0.00018525336009022589
7.9053142067620123e-05
7.9053142067620123e-05
-0.00018647334653981772
-0.00018647334653981772
-0.00018468646242384112
-0.00018468646242384112
-0.00051187596081909883
-0.00051187596081909883
0.00021044571478306612
0.00021044571478306612
0.00043441007996059119
6.3516485761020471e-05
-0.0003814415244483869
-0.0003814415244483869
0.00031759499358055516
0.00031759499358055516
0.00013437190415317219
0.00013437190415317219
0.0005802982675541875
0.0005802982675541875
4.1802208643806317e-05
4.1802208643806317e-05
0.00021875028149184375
0.00021875028149184375
-0.00010036894608159223
-0.00010036894608159223
3.516969538292392e-05
3.516969538292392e-05
0.00047145973215365126
0.00047145973215365126
-0.00040299061173989126
-0.00040299061173989126
8.5570516476659121e-06
8.5570516476659121e-06
-0.00012248988631537213
-0.00012248988631537213
-2.1449813066080145e-05
-2.1449813066080145e-05
0.00025761309212529439
0.00025761309212529439
0.00048310967212097309
0.00048310967212097309
-0.00014024809265229286
-0.00014024809265229286
-0.00020970788132283692
-0.00020970788132283692
-3.1719907812176542e-06
-3.1719907812176542e-06
-0.00022600368913948193
-0.00022600368913948193
0.00014119356756846414
0.00014119356756846414
-0.00018435510927229274
-0.00018435510927229274
-3.7393193851515026e-05
-3.7393193851515026e-05
1.9904484728065406e-05
1.9904484728065406e-05
-0.00010110744866754992
-0.00010110744866754992
-6.8777350219376268e-05
-6.8777350219376268e-05
-8.5260623936145432e-05
-8.5260623936145432e-05
-0.00059105796795337953
-0.00012274229673496154
-0.00012274229673496154
0.00028316626905865985
0.00028316626905865985
-7.1487877501773151e-05
-7.1487877501773151e-05
4.5477752700091856e-05
4.5477752700091856e-05
-2.6960622256363721e-05
-2.6960622256363721e-05
-0.00011189665884306428
-0.00011189665884306428
8.9033929674276946e-05
7.6721590867148787e-05
7.6721590867148787e-05
-2.3500732915502924e-05
-2.3500732915502924e-05
0.00026377795171033465
0.00026377795171033465
-6.2229940480880013e-05
-6.2229940480880013e-05
6.3259174088205886e-05
6.3259174088205886e-05
-0.00011109088394753871
-0.00011109088394753871
-0.00047586377393863625
-0.00047586377393863625
-0.00044727359309847646
-0.00044543896562619238
-0.00044543896562619238
-0.00035635130903380487
-0.00035635130903380487
-3.830378011278122e-05
-3.830378011278122e-05
0.00011738398330331122
0.00011738398330331122
-0.00047436050882429585
-0.00047436050882429585
-0.0001637757543562294
-0.0001637757543562294
0.00039943221328757144
0.00039943221328757144
-8.3766534196164528e-05
-8.3766534196164528e-05
0.00033747787997343069
0.00033747787997343069
-0.00027931367960573719
-0.00027931367960573719
-0.00058421590075308759
-0.00058421590075308759
7.1161683859784791e-05
7.1161683859784791e-05
0.00071488153976671776
-0.00055507199430711654
-0.00055507199430711654
-0.00017141069550065719
-0.00017141069550065719
-0.00019552243426960617
-0.00019552243426960617
9.6663970534803151e-05
9.6663970534803151e-05
0.00015751598521748935
0.00015751598521748935
0.00016277264751631107
0.00016277264751631107
0.00031090608023760254
0.00031090608023760254
0.00020689959096119261
0.00020689959096119261
0.0002470658223112101
0.0002470658223112101
5.3962255590550978e-05
5.3962255590550978e-05
0.00028888519943232147
0.00028888519943232147
-9.9085903370061445e-05
-9.9085903370061445e-05
0.00036565735930818816
0.00036565735930818816
-9.7740359816658262e-05
-9.7740359816658262e-05
-4.5994061181203482e-05
-4.5994061181203482e-05
-0.00035009312370658967
-0.00035009312370658967
0.00014703940426307312
0.00014703940426307312
-0.00016582274226564797
-0.00016582274226564797
-0.00011287738025080053
-0.00011287738025080053
0.00032246767639545896
0.00032246767639545896
0.00014446721349658503
0.00014446721349658503
-0.00015264553588288359
-0.00015264553588288359
-0.0002314328607261188
-0.0002314328607261188
-0.0003316498074276949
-0.0003316498074276949
-2.8426186127169712e-05
-2.8426186127169712e-05
6.0688475550683453e-05
6.0688475550683453e-05
-8.6526748768927616e-05
-8.6526748768927616e-05
1.3185931658323092e-05
1.3185931658323092e-05
0.00043993146231636321
0.00043993146231636321
-0.00016887496881159227
-0.00016887496881159227
-0.00072013154693156985
-0.00040313386479716185
-0.00040313386479716185
6.5070123908567596e-05
6.5070123908567596e-05
-0.00038510149401308884
-0.00038510149401308884
0.00011940051052252585
0.00011940051052252585
-7.7351297311984221e-05
-7.7351297311984221e-05
1.2132325425631509e-05
1.2132325425631509e-05
-0.0003519744960203967
-0.0003519744960203967
-0.00016417576424410205
-0.00016417576424410205
8.775457503474294e-05
8.775457503474294e-05
3.7481089105638696e-05
-6.8862753079489708e-06
-6.8862753079489708e-06
0.0004231887825211989
0.0004231887825211989
-7.4577661004929314e-05
-7.4577661004929314e-05
3.8857010832392882e-06
3.8857010832392882e-06
-0.00035405910088162661
-0.00035405910088162661
-0.00013998164426002821
-0.00013998164426002821
-0.00045026315516798573
-0.00045026315516798573
-6.2612998131548147e-05
-6.2612998131548147e-05
-0.0003987122950756646
-0.0003987122950756646
4.7465539460744996e-05
4.7465539460744996e-05
0.00020968321298549448
0.00020968321298549448
0.00034161938989888004
0.00034161938989888004
0.00031243538955257137
0.00031243538955257137
-2.5526788738726048e-05
-2.5526788738726048e-05
-0.00022548716753104613
-9.1868450292879395e-05
-9.1868450292879395e-05
0.00014140031536612774
0.00014140031536612774
-2.8100799171658133e-05
-2.8100799171658133e-05
1.8187031071245756e-05
1.8187031071245756e-05
-0.00023349015114084565
-0.00023349015114084565
0.00016128624839748727
0.00016128624839748727
-0.00010039283153284152
-0.00010039283153284152
6.3502220573604215e-06
6.3502220573604215e-06
0.00011545567642381251
0.00011545567642381251
0.00014673043301491139
0.00014673043301491139
0.00020413219806343912
0.00020413219806343912
0.00020266056587848964
0.00020266056587848964
-0.00013955016985900344
-0.00013955016985900344
-0.0001397568047815556
-0.00019752148129587773
-0.00019752148129587773
3.8795257757841855e-05
3.8795257757841855e-05
-0.00027680797674506575
-0.00027680797674506575
0.00010503306623320419
0.00010503306623320419
-0.0004632336757490256
-0.0004632336757490256
5.822749783359753e-05
5.822749783359753e-05
-0.00019550723837341271
-0.00019550723837341271
5.5327541569076382e-05
5.5327541569076382e-05
7.1190615272757389e-06
7.1190615272757389e-06
-4.0413499101886929e-05
0.00010669380249014919
0.00010669380249014919
-6.9255031446993433e-05
-6.9255031446993433e-05
1.7833430472120979e-05
1.7833430472120979e-05
0.00034623027052570454
0.00034623027052570454
-0.00022298881422867675
-0.00022298881422867675
1.4627222479570896e-05
1.4627222479570896e-05
-1.201412024883e-05
-1.201412024883e-05
-5.9124883319387538e-06
-5.9124883319387538e-06
-0.0004925454654277553
-0.0004925454654277553
0.00017522984429070698
0.00017522984429070698
-0.00014446850832928258
-0.00014446850832928258
9.777617451376823e-05
9.777617451376823e-05
3.4401844962863273e-05
3.4401844962863273e-05
-0.00011967888576385727
0.00020989618915576622
0.00020989618915576622
5.2943034411053696e-05
5.2943034411053696e-05
0.00014308350107151125
0.00014308350107151125
6.7612376895875636e-05
6.7612376895875636e-05
5.6979309940389771e-05
5.6979309940389771e-05
-4.8072609214961257e-05
-4.8072609214961257e-05
-0.00014656848162158392
-0.00014656848162158392
-6.4130201175232788e-05
-6.4130201175232788e-05
0.00015236728301710689
0.00015236728301710689
-0.00014450033369604773
-0.00014450033369604773
-0.0003755673676072349
-0.00010518353497633039
-0.00010518353497633039
0.0002384080716038899
0.0002384080716038899
0.00014921305396403114
0.00014921305396403114
0.00016238711241718011
0.00016238711241718011
1.0486324093342269e-05
1.0486324093342269e-05
-0.00022238003626500548
-4.3954401883452033e-05
-4.3954401883452033e-05
-0.0001094049846599381
-0.0001094049846599381
-6.6459841237766901e-05
-6.6459841237766901e-05
-4.9967034460364186e-05
-4.9967034460364186e-05
2.0821475274381817e-06
2.0821475274381817e-06
1.6780259313553112e-05
1.6780259313553112e-05
-9.5680942350642281e-05
-9.5680942350642281e-05
0.00011964151991257342
0.00011964151991257342
0.000124208224157532
0.000124208224157532
0.00016341656331379082
0.00016341656331379082
2.2439615263955292e-06
2.2439615263955292e-06
0.00033647663473598425
0.00033647663473598425
0.00013369798247597929
0.00013369798247597929
0.00022101288208336228
0.00022101288208336228
3.9358241055771926e-05
3.9358241055771926e-05
1.3166182838709592e-05
1.3166182838709592e-05
-0.00028450430765132356
-0.00028450430765132356
-0.00022350591762677367
-8.3643480598041211e-06
-8.3643480598041211e-06
0.00012733916487826151
0.00012733916487826151
2.932322711863366e-05
2.932322711863366e-05
1.2119262581309852e-05
1.2119262581309852e-05
6.8212158691258122e-05
6.8212158691258122e-05
0.00031401737413393459
0.00031401737413393459
-0.00038683195464721422
-0.00038683195464721422
-0.0001981255869306754
-0.0001981255869306754
-0.00011639285046465389
-0.00011639285046465389
0.00024983784874577276
0.00024983784874577276
8.7486706259598648e-06
8.7486706259598648e-06
0.00044653094574402031
0.00044653094574402031
-0.00020682095102166471
-0.00020682095102166471
7.3820532574055462e-05
7.3820532574055462e-05
0.00016214428192194867
0.00016214428192194867
0.00022076300469263006
0.00022076300469263006
1.6976157594939663e-05
1.6976157594939663e-05
-9.6451010563110772e-05
-9.6451010563110772e-05
-0.00015274222051301872
-0.00015274222051301872
-1.288332013541108e-05
-1.288332013541108e-05
0.00023863515617010623
0.00023863515617010623
-0.0003638154786352706
-0.0003638154786352706
-4.5039692035222638e-05
-4.5039692035222638e-05
0.00012774616988519568
0.00012774616988519568
-0.00018795483207390966
-0.00018795483207390966
-0.00023366466931059769
-0.00023366466931059769
-0.00014412038804069007
-0.00014412038804069007
9.6054200455376282e-05
9.6054200455376282e-05
-0.00024891865648694097
-0.00024891865648694097
-6.5317318127627985e-05
-6.5317318127627985e-05
-4.4477741106979938e-05
-4.4477741106979938e-05
-3.5474136833684072e-05
-3.5474136833684072e-05
0.00037381969616374352
0.00037381969616374352
-0.00010500575270574558
-0.00010500575270574558
3.592522103094806e-05
3.592522103094806e-05
-0.00013541580578497878
-0.00013541580578497878
0.00032574599686641326
0.00032574599686641326
6.4591303013317487e-05
6.4591303013317487e-05
0.000150047988990235
0.000150047988990235
0.0004072814499935182
0.00016371843319317657
0.00016371843319317657
-8.6972463163352445e-05
-8.6972463163352445e-05
0.00012107861042060272
0.00012107861042060272
3.6369767730351064e-05
3.6369767730351064e-05
-0.00036366026748364062
-0.00036366026748364062
6.8106016761904813e-05
-0.00018797741770410249
0.00019828797158809403
0.00019828797158809403
-0.00038318327025300508
-0.00038318327025300508
-7.1788452372799293e-05
-7.1788452372799293e-05
0.00019442272779550691
0.00019442272779550691
0.00031581830782794482
0.00031581830782794482
-0.00025906682940899951
-0.00025906682940899951
-0.00021859291525463284
-0.00021859291525463284
-2.0913264128496823e-05
-2.0913264128496823e-05
0.00017480511481534258
0.00017480511481534258
-0.00023901299507711647
-0.00023901299507711647
-0.00019645735268008138
-0.00019645735268008138
0.00014317165780514538
0.00014317165780514538
-0.00027346852342790889
-0.00027346852342790889
-0.00014584461509290465
-0.00014584461509290465
-7.0863133272068568e-05
-7.0863133272068568e-05
-0.00015371344841293697
-0.00015371344841293697
0.00014085207449893167
0.00014085207449893167
-0.00012526973708458294
-0.00012526973708458294
-0.00032942944094326769
-0.00032942944094326769
-7.9758411524008797e-06
-7.9758411524008797e-06
-0.00010103720026449442
-0.00010103720026449442
7.5908551648775092e-06
7.5908551648775092e-06
0.00010041085950235577
0.00010041085950235577
-0.00029485233724855847
-0.00029485233724855847
-1.6320598856240607e-05
-1.6320598856240607e-05
-2.3999540531702539e-05
-2.3999540531702539e-05
-4.9794711975777147e-05
-4.9794711975777147e-05
7.5958805030227938e-05
7.5958805030227938e-05
-0.00012726746452735411
-0.00012726746452735411
0.00023540193654081855
0.00023540193654081855
-9.0487084797298946e-05
-9.0487084797298946e-05
-1.0869174155205172e-05
-1.0869174155205172e-05
-0.00010476520033131237
-0.00010476520033131237
-4.3789933336391297e-05
-4.3789933336391297e-05
0.00021450982333624989
0.00021450982333624989
-0.00029730925882028882
-0.00029730925882028882
1.4568372903603484e-05
1.4568372903603484e-05
0.00013521353769923629
0.00013521353769923629
-4.8321818180210527e-05
-4.8321818180210527e-05
0.00016994389447210802
-0.00012988497667053669
-0.00012988497667053669
0.00016468179939109229
0.00016468179939109229
-8.2860348094277364e-05
-8.2860348094277364e-05
7.9026807390523998e-05
7.9026807390523998e-05
0.00010456062966964919
0.00010456062966964919
-6.2081057991372667e-05
-6.2081057991372667e-05
-0.0001114708077433677
-0.0001114708077433677
-5.7281436229911917e-05
-5.7281436229911917e-05
-0.00024153871859031005
-0.00024153871859031005
-0.00035886465206797045
-0.00035886465206797045
0.00045432304846590487
0.00045432304846590487
0.00032885032175702461
0.00032885032175702461
0.00039140356306973306
0.00039140356306973306
0.00029244018222661009
0.00029244018222661009
-0.00025032953624180344
-0.00025032953624180344
-0.00014946911231876307
-0.00014946911231876307
7.1245255048495669e-05
7.1245255048495669e-05
-1.2370642367539056e-05
-1.2370642367539056e-05
-0.00023434547364606538
-0.00023434547364606538
-0.00013783631666416027
-0.00013783631666416027
-1.573961411653343e-05
-1.573961411653343e-05
-3.6105771290043851e-05
-3.6105771290043851e-05
-3.5459306997038699e-05
-3.5459306997038699e-05
0.00016176484331646991
0.00016176484331646991
0.0001787807899156506
0.0001787807899156506
-3.5404609813575404e-05
-3.5404609813575404e-05
-0.00028539296849240285
-0.00028539296849240285
-0.00029326041088552482
-0.00029326041088552482
-0.00033918913852135031
-0.00033918913852135031
0.00027490896529135404
0.00027490896529135404
-0.000217954045540334
-0.000217954045540334
4.8937352418581875e-05
4.8937352418581875e-05
-0.00037584821314701547
-0.00037584821314701547
4.4009386854627317e-05
4.4009386854627317e-05
-0.00036923809560256745
-0.00036923809560256745
-9.3446319021443187e-05
-9.3446319021443187e-05
-5.9792334058735406e-05
-5.9792334058735406e-05
0.00025839863616387214
0.00025839863616387214
0.00014983615746912097
0.00014983615746912097
-0.00023810807243473831
-0.00023810807243473831
0.00024162081079196857
0.00024162081079196857
0.00017617162391298183
0.00017617162391298183
3.1266682379389995e-05
3.1266682379389995e-05
1.4340307072626394e-05
1.4340307072626394e-05
0.0002087853224229268
0.0002087853224229268
-5.5614408346763036e-06
-5.5614408346763036e-06
0.00032511541911964367
0.00032511541911964367
-6.1486157906027108e-05
-6.1486157906027108e-05
3.441950020454808e-05
3.441950020454808e-05
0.00022586368775485546
0.00022586368775485546
-0.00013421991170172896
-0.00013421991170172896
-2.3492279424672516e-05
-2.3492279424672516e-05
4.29425126436603e-05
4.29425126436603e-05
-4.7776668818777824e-05
-4.7776668818777824e-05
-0.00019074122483860313
-0.00019074122483860313
0.00029323515544519429
0.00029323515544519429
-0.0001522584070547137
-0.0001522584070547137
4.9633509913396532e-05
4.9633509913396532e-05
2.0932502312245345e-05
2.0932502312245345e-05
0.00024784381940640187
0.00024784381940640187
5.9744877687336711e-05
5.9744877687336711e-05
0.00016345668752796124
0.00016345668752796124
0.00023860752637292656
0.00023860752637292656
0.00017379775637008367
0.00017379775637008367
8.016839238349551e-05
8.016839238349551e-05
0.00022394429078870871
0.00022394429078870871
0.00013925790453797496
0.00013925790453797496
-8.7438502982257582e-05
-8.7438502982257582e-05
6.9423732710551509e-05
6.9423732710551509e-05
-0.0001367236406188543
-0.0001367236406188543
-0.00023063226279680207
-0.00023063226279680207
-0.00037104229130925756
-0.00021784439869925216
-0.00021784439869925216
4.5800381243362592e-05
4.5800381243362592e-05
0.00016844953150644754
0.00016844953150644754
1.4073132497251229e-05
1.4073132497251229e-05
-9.0472456572336281e-06
-9.0472456572336281e-06
0.00027149704954920853
0.00027149704954920853
5.7974729301838563e-05
5.7974729301838563e-05
4.1541621189596832e-05
4.1541621189596832e-05
0.00013801420128958453
0.00013801420128958453
-0.00018851272008953328
-0.00018851272008953328
-0.00013579007824236948
-0.00013579007824236948
-0.00025669313693366916
-0.00025669313693366916
-0.00024653342419039923
-0.00024653342419039923
-4.2124664340943888e-05
-4.2124664340943888e-05
0.00010863115434551696
0.00010863115434551696
1.9119292189281103e-05
1.9119292189281103e-05
7.2634112212933684e-05
7.2634112212933684e-05
-9.3871433543376949e-06
-9.3871433543376949e-06
-7.4352666833638406e-06
-7.4352666833638406e-06
-4.954795174943693e-05
-4.954795174943693e-05
6.0322262535767116e-05
6.0322262535767116e-05
0.0001208220030786684
0.0001208220030786684
0.00030031874811203168
0.00030031874811203168
2.0407399880441852e-05
2.0407399880441852e-05
0.0001824546642029662
0.0001824546642029662
-7.2735349350143243e-05
-3.1718841528716472e-05
-3.1718841528716472e-05
0.00015138358988932388
0.00015138358988932388
-9.9884219054612673e-05
-9.9884219054612673e-05
-0.00039600700613862241
-0.00039600700613862241
-0.00013743831950105209
-0.00013743831950105209
0.00019006141874536062
0.00019006141874536062
5.5024196361093808e-05
5.5024196361093808e-05
-9.0845934964802985e-06
-9.0845934964802985e-06
0.000206775144530629
0.000206775144530629
0.00025456714503304035
0.00025456714503304035
0.00010504777495783576
0.00010504777495783576
-0.00022041852206882662
-0.00022041852206882662
0.00034550135709785786
0.00034550135709785786
-4.3407373615155828e-05
-4.3407373615155828e-05
0.00010837755115857871
0.00010837755115857871
6.3406717184747864e-05
6.3406717184747864e-05
-0.00025213948544219785
-0.00025213948544219785
2.6537879456283375e-05
2.6537879456283375e-05
-0.00029363811061689052
-0.00029363811061689052
0.00028596016412248099
0.00028596016412248099
-7.0727550246293586e-05
-7.0727550246293586e-05
8.9860219814663078e-05
8.9860219814663078e-05
-0.0002828274374568819
-0.0002828274374568819
-0.00022588017065653548
-0.00022588017065653548
6.3536814275132533e-05
6.3536814275132533e-05
-0.00028982771683900221
-0.00028982771683900221
-0.00017557894267852705
-0.00017557894267852705
-0.00012103087372449264
-0.00012103087372449264
0.00020537312122319827
0.00020537312122319827
0.0003897633805346582
0.0003897633805346582
-6.9518235740854403e-05
-6.9518235740854403e-05
-0.00039539694956823525
-0.00039539694956823525
0.00019044041736373873
0.00019044041736373873
-0.00042500284178567833
-0.00042500284178567833
-5.0034181650802807e-05
-5.0034181650802807e-05
-0.00042352355162351361
-0.00031018999976904234
0.00018862713841554372
0.00018862713841554372
-3.1011895750957408e-05
-3.1011895750957408e-05
-0.00010465626541764467
-0.00010465626541764467
0.00012648565183799528
0.00012648565183799528
2.5190815891893705e-06
2.5190815891893705e-06
-0.00018293644053033603
-0.00018293644053033603
0.0002299105015913079
0.0002299105015913079
0.00025933180289294892
0.00025933180289294892
8.5541479063860047e-05
8.5541479063860047e-05
-7.4324120794760765e-05
-7.4324120794760765e-05
-0.0001321106104280981
-0.0001321106104280981
-0.00030570549652775975
-0.00030570549652775975
0.0001522123508307459
0.0001522123508307459
-0.00034125357181239975
-0.00034125357181239975
0.00032152513565522639
0.00020776476741215835
0.00020776476741215835
0.00016884522511994191
0.00016884522511994191
-0.00018966410403150054
-0.00018966410403150054
8.4180115899011685e-05
8.4180115899011685e-05
-0.00031893548223003906
-0.00031893548223003906
-4.4711573216377521e-05
-4.4711573216377521e-05
-0.00014458004573968607
-0.00014458004573968607
-8.298333339196436e-05
-8.298333339196436e-05
-3.4640047453497559e-05
-3.4640047453497559e-05
-0.00033884975875785489
-0.00033884975875785489
4.4602439773919637e-05
4.4602439773919637e-05
-7.8337960310271372e-05
-7.8337960310271372e-05
0.00019301034164231998
0.00019301034164231998
-0.00023832976624114479
-0.00023832976624114479
4.4797719105202283e-05
4.4797719105202283e-05
-0.00037232573785522913
-0.00027231475415882134
-0.00027231475415882134
9.5929659568205698e-05
9.5929659568205698e-05
-7.3981996433008406e-05
-7.3981996433008406e-05
0.00013713055933748552
0.00013713055933748552
0.00020401936392118488
0.00020401936392118488
5.8961567312867751e-05
5.8961567312867751e-05
-4.1240953656816159e-06
-4.1240953656816159e-06
3.3962833854048504e-05
3.3962833854048504e-05
-3.2851851382852525e-05
-3.2851851382852525e-05
2.4292977029293308e-06
2.4292977029293308e-06
0.00011935651578173763
0.00011935651578173763
-6.8545576366707455e-05
-6.8545576366707455e-05
-3.5228756990211355e-05
-3.5228756990211355e-05
2.7096452972701123e-05
2.7096452972701123e-05
3.9606548955491077e-05
3.9606548955491077e-05
6.4562351139615143e-05
6.4562351139615143e-05
4.9055901360832873e-05
4.9055901360832873e-05
-0.0001489280334046922
-0.0001489280334046922
3.7702358321362028e-06
3.7702358321362028e-06
-0.00015817299497067415
-0.00015817299497067415
-0.00020955545453691402
-0.00020955545453691402
2.8666714039914858e-05
2.8666714039914858e-05
-0.00011432807374381576
-0.00011432807374381576
0.00034916699441451518
0.00034916699441451518
7.3317030216594488e-05
7.3317030216594488e-05
-4.4706995534242495e-05
-4.4706995534242495e-05
6.4936804708588938e-06
6.4936804708588938e-06
6.690262547196413e-05
0.00029903264637205751
0.00029903264637205751
-0.00010133475476413143
-0.00010133475476413143
-0.00013726584789784064
-0.00013726584789784064
0.00012323205447362386
0.00012323205447362386
-5.4208547567236311e-05
-5.4208547567236311e-05
-0.00015455077006736609
-0.00015455077006736609
0.0002869813663544328
0.0002869813663544328
0.00025886507967923749
-6.7207208014162043e-05
-6.7207208014162043e-05
0.00015247303267870284
0.00015247303267870284
0.00017666193694868915
0.00017666193694868915
0.00017157241941407047
0.00017157241941407047
2.4916700035705032e-05
2.4916700035705032e-05
0.00015079321389008181
0.00015079321389008181
0.00029463194009771311
0.00029463194009771311
-0.00031902402668721261
-0.00031902402668721261
-0.00031928129541845303
-0.00031928129541845303
-8.3365256998669415e-05
-8.3365256998669415e-05
0.00015139087219146488
0.00015139087219146488
-2.8892921583947153e-07
-2.8892921583947153e-07
-0.00031279532522572666
-0.00031279532522572666
2.3715352688773849e-05
2.3715352688773849e-05
-9.8789287499137065e-05
-9.8789287499137065e-05
-8.6403933803514188e-05
-8.6403933803514188e-05
0.00013163513432599508
0.00013163513432599508
-0.00035106873103608698
-0.00035106873103608698
-0.00024655235848256311
-0.00024655235848256311
8.4795646082187699e-05
-4.2627022442110646e-05
-4.2627022442110646e-05
-0.00016381440152426157
-0.00016381440152426157
0.00012749576805347147
0.00012749576805347147
0.0002122846017601373
0.0002122846017601373
-0.00017297724690113232
-0.00017297724690113232
0.00011121290484693474
0.00011121290484693474
3.4433056178624517e-05
3.4433056178624517e-05
-0.00013989512382080486
-0.00013989512382080486
4.4267870311490601e-05
4.4267870311490601e-05
9.451647833090375e-05
9.451647833090375e-05
-1.419452668572718e-05
-1.419452668572718e-05
0.00023683522780586287
0.00023683522780586287
0.00022591704312591642
0.00022591704312591642
-0.00010994139049423982
-0.00010994139049423982
8.3720982735089748e-05
8.3720982735089748e-05
-4.6941134587757797e-06
-4.6941134587757797e-06
-0.00019515159918835162
-0.00019515159918835162
-0.00029724345428772499
-0.00029724345428772499
2.201356527225377e-05
2.201356527225377e-05
-0.00012298807918906441
-0.00012298807918906441
-2.2659271431998589e-05
0.00013177450509113773
0.00013177450509113773
5.4203287189148875e-05
5.4203287189148875e-05
-0.00022637525032168679
-0.00022637525032168679
-0.00012749692213918134
-0.00012749692213918134
6.2860885664106972e-05
6.2860885664106972e-05
3.5210092923502419e-05
3.5210092923502419e-05
0.00018084885238393075
0.00018084885238393075
7.0175568000437562e-05
7.0175568000437562e-05
-0.00012899400478789833
-0.00012899400478789833
0.00022814245913711708
0.00022814245913711708
-6.1262594937948282e-05
-6.1262594937948282e-05
0.00021414574608910077
0.00021414574608910077
3.0601854853002764e-05
3.0601854853002764e-05
-7.6933594415753615e-05
-7.6933594415753615e-05
0.00014452427260801639
0.00014452427260801639
-0.00018740011122255723
-0.00018740011122255723
-2.9726487585267341e-05
-2.9726487585267341e-05
3.2800159821381902e-05
3.2800159821381902e-05
0.00018713305800757604
0.00018713305800757604
-2.0754911913824328e-05
-2.0754911913824328e-05
-4.0031586003423517e-05
-4.0031586003423517e-05
0.00011719349482009752
0.00011719349482009752
0.00012626806839719981
0.00012626806839719981
1.3175106957264456e-05
1.3175106957264456e-05
7.9658030098321339e-05
7.9658030098321339e-05
0.00015760074273936031
0.00015760074273936031
0.00011466947816808656
0.00011466947816808656
0.00014243738373707681
0.00014243738373707681
-0.00017222300569528519
-0.00017222300569528519
-3.1239621453897091e-06
-3.1239621453897091e-06
-2.1592389684702447e-05
-2.1592389684702447e-05
-3.0888843998560784e-05
-3.0888843998560784e-05
4.5194224197488023e-05
4.5194224197488023e-05
-0.00020009997006334784
-0.00020009997006334784
2.4465979808435226e-05
2.4465979808435226e-05
0.00022074666855619309
0.00022074666855619309
-0.00017328906821995451
3.8068303908939405e-05
3.8068303908939405e-05
-0.00012988533291979817
-0.00012988533291979817
0.00021393114600155145
0.00021393114600155145
-3.9966294500287197e-05
-3.9966294500287197e-05
6.4023238934197941e-05
6.4023238934197941e-05
-0.0001603403108597191
-0.0001603403108597191
0.00010825485621198624
0.00010825485621198624
0.00026959969389780703
0.0001162480475243242
0.0001162480475243242
0.00014077040318571083
0.00014077040318571083
-0.00010136441191981118
-0.00010136441191981118
0.00015357903741856411
8.829632364183513e-05
8.829632364183513e-05
0.00012238533700853116
0.00012238533700853116
-0.00011732950927529888
-0.00011732950927529888
-0.00018508934322297287
-0.00018508934322297287
-0.0002563915560743764
-0.0002563915560743764
0.000132255708810454
0.000132255708810454
0.00019290416780620592
-0.00016307124424339275
-0.00016307124424339275
-7.3826789013698081e-05
-7.3826789013698081e-05
0.00019610715002716731
0.00019610715002716731
-9.3253643681114062e-05
-9.3253643681114062e-05
-2.4846720803022974e-05
-2.4846720803022974e-05
5.3227248887508819e-05
5.3227248887508819e-05
5.6383438193452385e-06
5.6383438193452385e-06
0.00025845584069074054
0.00025845584069074054
1.5432796029736594e-05
1.5432796029736594e-05
-0.00014303752283635111
-0.00014303752283635111
2.7863535251975247e-05
2.7863535251975247e-05
0.00020737541278739198
0.00020737541278739198
-4.7504123867816257e-05
-4.7504123867816257e-05
3.670343302351859e-05
3.670343302351859e-05
1.5162718455485077e-05
1.5162718455485077e-05
0.00014616348662427578
0.00014616348662427578
9.8417974543860625e-05
9.8417974543860625e-05
5.8960088754248747e-05
5.8960088754248747e-05
-6.7854417611217842e-05
-6.7854417611217842e-05
-8.167354143431704e-06
-8.167354143431704e-06
9.8121268208232416e-05
9.8121268208232416e-05
3.157638142164825e-05
3.157638142164825e-05
0.00012507231061880078
0.00012507231061880078
3.7865373601311702e-05
3.7865373601311702e-05
-4.4913300187419242e-05
-4.4913300187419242e-05
0.00012187469359918017
0.00012187469359918017
0.00027723022865766566
0.00027723022865766566
5.3288454725367836e-05
5.3288454725367836e-05
9.2402526361976521e-05
9.2402526361976521e-05
-0.00021111600137002818
-0.00021111600137002818
-0.00011026263332793013
-0.00011026263332793013
-5.4858420869056303e-05
-5.4858420869056303e-05
0.00015013432654687188
0.00015013432654687188
3.7023385083392075e-06
3.7023385083392075e-06
-0.00016308294080179627
-0.00016308294080179627
-2.920830748113987e-05
-2.920830748113987e-05
-0.00016534953515060202
-0.00016534953515060202
-0.00014765943389955454
-0.00014765943389955454
6.4846150708515744e-05
6.4846150708515744e-05
-3.3961003312546718e-05
-3.3961003312546718e-05
0.00028058672114316492
0.00028058672114316492
2.4411344099238433e-05
2.4411344099238433e-05
-1.5495698273489736e-05
-1.5495698273489736e-05
5.9772278496812745e-05
5.9772278496812745e-05
-0.00011329325673714314
-1.6407020589347183e-05
-1.6407020589347183e-05
1.9258253180010127e-05
1.9258253180010127e-05
2.9361372955814044e-05
2.9361372955814044e-05
-6.7193706846337408e-05
-6.7193706846337408e-05
-0.0001607938406989237
-0.0001607938406989237
1.1273875420422949e-05
1.1273875420422949e-05
-0.00017450921101077943
-0.00017450921101077943
-0.00027081650407898071
-0.00027081650407898071
-0.00010093986375257549
-0.00010093986375257549
0.0001655449249199843
0.0001655449249199843
-5.7144750893444056e-05
-5.7144750893444056e-05
-1.2770400289593218e-05
-1.2770400289593218e-05
-3.4759065331055809e-05
-3.4759065331055809e-05
-1.5887905817363536e-05
-1.5887905817363536e-05
-0.00035715279150159897
-0.00035715279150159897
9.4881423766862192e-05
9.4881423766862192e-05
9.1672418617259735e-06
9.1672418617259735e-06
-3.9156366295827013e-05
-3.9156366295827013e-05
4.3228870000315977e-05
4.3228870000315977e-05
0.00019526249467070297
0.00019526249467070297
6.1020315620061603e-05
6.1020315620061603e-05
-0.00022359893296637466
2.5988540841837081e-05
2.5988540841837081e-05
2.0407425761527382e-05
2.0407425761527382e-05
5.1804456936646609e-05
5.1804456936646609e-05
8.8884793596793598e-05
8.8884793596793598e-05
0.00017463555840915171
0.00017463555840915171
4.5006838653957209e-05
4.5006838653957209e-05
-3.1520963470704744e-05
-3.1520963470704744e-05
3.6431929468501552e-05
3.6431929468501552e-05
-0.00010850590392112512
-0.00010850590392112512
6.4451861767491483e-05
6.4451861767491483e-05
0.00024083038089676759
0.00024083038089676759
0.00016611747349655744
0.00016611747349655744
-3.2842275335665749e-06
-3.2842275335665749e-06
2.2716648787099369e-05
2.2716648787099369e-05
-0.00011455593146685051
-0.00011455593146685051
-1.9851860262080355e-05
-1.9851860262080355e-05
4.7019763891757627e-05
4.7019763891757627e-05
0.00010612750739093051
0.00010612750739093051
-0.00023994105391472162
-0.00023994105391472162
-0.00014177516769009184
-0.00014177516769009184
0.00031410131129442704
0.00031410131129442704
-0.00014222457832876073
-0.00014222457832876073
-0.00016016018386634458
-0.00016016018386634458
0.00015222480308919799
0.00015222480308919799
-8.9973531520016491e-06
-8.9973531520016491e-06
-1.7076463666892597e-05
-1.7076463666892597e-05
-2.411079462250991e-06
-2.411079462250991e-06
4.6371425273899938e-05
4.6371425273899938e-05
4.7527627829492937e-05
4.7527627829492937e-05
0.00013698049847503868
0.00013698049847503868
9.0520989933923524e-05
9.0520989933923524e-05
-5.1789835093896956e-05
-5.1789835093896956e-05
-0.00014008633296221933
-0.00014008633296221933
-0.00015856742558940451
-0.00015856742558940451
0.00012520100436488546
0.00012520100436488546
-0.00012032013525519124
-0.00012032013525519124
3.2622156612477449e-05
3.2622156612477449e-05
-7.7670371586212057e-05
-7.7670371586212057e-05
7.8206466533856634e-05
7.8206466533856634e-05
8.676891301738253e-05
8.676891301738253e-05
5.6897213160694886e-05
5.6897213160694886e-05
-0.00021064012811044036
-0.00021064012811044036
-0.00019171976851816832
-0.00019171976851816832
6.7500618548646833e-06
-7.4112585458878911e-05
-7.4112585458878911e-05
0.00024009802274028487
0.00024009802274028487
0.00014733338210446201
0.00014733338210446201
-0.00016123614112811233
-0.00016123614112811233
-0.00018327658767072216
-0.00018327658767072216
-8.1046896502048687e-05
-8.1046896502048687e-05
-0.00027862968451387475
-0.00027862968451387475
-3.2636538922195977e-05
-3.2636538922195977e-05
0.00013028385757311129
0.00013028385757311129
-0.00012524346579175945
-6.5272160675626553e-05
-6.5272160675626553e-05
-9.533111786512372e-05
-0.00013327431535245355
0.0002768326032895486
0.0002768326032895486
6.6993155938854522e-05
6.6993155938854522e-05
-0.00010637098708108306
-0.00010637098708108306
-5.5657567975539111e-05
-0.00023369413738630568
-0.00023369413738630568
-0.00012350842659261357
-0.00012350842659261357
-5.0648243528412781e-05
-5.0648243528412781e-05
4.3619195496158829e-05
4.3619195496158829e-05
-0.00011144970394705172
-0.00011144970394705172
-0.00017790872893046168
-0.00017790872893046168
-0.00021422777958693038
0.00010706810409513563
-0.00014448774420476636
-0.00014448774420476636
-4.717550466624853e-05
-4.717550466624853e-05
-0.00012099949490888225
-0.00012099949490888225
8.2820549488288932e-06
8.2820549488288932e-06
-3.0042242108338704e-06
-3.0042242108338704e-06
0.00037136189059947867
0.00037136189059947867
0.00013167666973477909
0.00013167666973477909
1.0585868604831898e-06
1.0585868604831898e-06
-9.0788731872646944e-05
-9.0788731872646944e-05
-3.7499829541041857e-05
-3.7499829541041857e-05
0.00022093809403228432
0.00022093809403228432
3.5541098460084037e-05
3.5541098460084037e-05
0.00020350126010113453
0.00020350126010113453
7.4539084617140293e-05
7.4539084617140293e-05
-6.7772595878485661e-05
-6.7772595878485661e-05
0.0001316546308463497
0.0001316546308463497
-4.1209407934598974e-05
-4.1209407934598974e-05
-4.1899489003560002e-05
-4.1899489003560002e-05
-1.6226827789119576e-05
-1.6226827789119576e-05
-9.0266790377854534e-05
-0.00025978473771210694
-0.00025978473771210694
2.1668089496097961e-05
2.1668089496097961e-05
-3.3677723134423391e-05
-3.3677723134423391e-05
-0.00022404496755915529
-0.00022404496755915529
7.3934668617711273e-05
7.3934668617711273e-05
2.6375967408827648e-05
2.6375967408827648e-05
-7.1224159068744756e-05
-7.1224159068744756e-05
-0.00021115671703201939
-0.00021115671703201939
-5.9679853095809695e-05
-5.9679853095809695e-05
4.6404629211350887e-05
4.6404629211350887e-05
-0.00010442392991700027
-0.00010442392991700027
-2.4436125552701534e-05
-2.4436125552701534e-05
-6.3383882301824564e-05
-6.3383882301824564e-05
-3.7790226740365838e-05
-3.7790226740365838e-05
-0.00012644810014149103
-0.00012644810014149103
-6.7332665141784626e-05
-6.7332665141784626e-05
-6.8740136553722539e-06
-6.8740136553722539e-06
-6.7351131034175859e-05
-6.7351131034175859e-05
-0.00019949234112548507
-0.00019949234112548507
-7.1858869507820551e-05
-7.1858869507820551e-05
6.5846588175414331e-05
6.5846588175414331e-05
-0.00020044507656834254
-0.00020044507656834254
0.00016417139629871982
0.00016417139629871982
-4.7917407700599635e-05
-4.7917407700599635e-05
-4.9334855828435388e-05
-4.9334855828435388e-05
0.0001716124842208507
0.0001716124842208507
-0.00013298133931541456
-0.00013298133931541456
5.2023060248318487e-05
5.2023060248318487e-05
-0.00012881931690004653
-0.00012881931690004653
8.3186661461368893e-06
8.3186661461368893e-06
4.2938833899658515e-05
4.2938833899658515e-05
3.2128402802248155e-05
3.2128402802248155e-05
0.00022971923764919329
0.00022971923764919329
-0.00018650322497865528
-0.00018650322497865528
-3.6150129341165631e-05
-3.6150129341165631e-05
-0.00023914471428075187
-0.00023914471428075187
-0.00010053277671949999
-0.00010053277671949999
0.00020012691294204896
0.00020012691294204896
9.9019463589799736e-05
9.9019463589799736e-05
-4.7431412986728888e-05
-4.7431412986728888e-05
0.00020891681075456271
0.00020891681075456271
-5.8087289716274213e-05
-5.8087289716274213e-05
-9.0864728868762321e-06
-9.0864728868762321e-06
0.00026431711519501376
0.00026431711519501376
-0.00013883834768421227
-0.00013883834768421227
0.0001733508782024257
0.0001733508782024257
-0.00010236559278733934
-0.00010236559278733934
-0.00020421986247146982
-0.00020421986247146982
-0.00016940292424318784
-0.00016940292424318784
-8.8166180387868199e-05
-0.00019401470292662172
-0.00019401470292662172
-0.0001412546078631335
-0.0001412546078631335
4.6977675805156981e-05
4.6977675805156981e-05
0.00013133729400283562
2.696846798025514e-05
2.696846798025514e-05
6.8713158528838173e-05
6.8713158528838173e-05
0.00014304857888707242
0.00014304857888707242
0.00021779426176401549
0.00021779426176401549
7.4054186987330572e-06
7.4054186987330572e-06
-6.6354529334388356e-05
-6.6354529334388356e-05
-2.2139134222092915e-05
-2.2139134222092915e-05
-0.00015182565610604842
-0.00010228467374698291
-0.00016672283931400605
-0.00016672283931400605
6.2362411009099473e-05
6.2362411009099473e-05
-0.00018920498976149488
-0.00018920498976149488
-0.00017187289949379528
-0.00017187289949379528
-1.7653224800875956e-06
-1.7653224800875956e-06
-0.00012972264321080664
-0.00012972264321080664
9.8227489110670104e-05
9.8227489110670104e-05
-5.2499826124049967e-05
-5.2499826124049967e-05
-2.2106880206690915e-05
-2.2106880206690915e-05
0.00011853464390202283
0.00011853464390202283
3.5692090788113047e-05
3.5692090788113047e-05
8.8410293522936942e-05
8.8410293522936942e-05
3.5672103201566698e-05
3.5672103201566698e-05
-1.5798479250291159e-05
-1.5798479250291159e-05
-0.00010746621942800654
-0.00010746621942800654
-0.00010107213462770351
-0.00010107213462770351
3.6813625917513391e-05
3.6813625917513391e-05
0.00013401640880701711
0.00013401640880701711
0.00019940310946748566
0.00019940310946748566
-0.00025295910674881809
-0.00025295910674881809
-3.3271491801890689e-05
-3.3271491801890689e-05
0.0001681578081734634
0.0001681578081734634
-9.3503188699881366e-05
-9.3503188699881366e-05
0.00014358529091968553
0.00014358529091968553
9.305591889937297e-05
9.305591889937297e-05
5.7157400093656402e-05
5.7157400093656402e-05
0.00019077546334408756
0.00019077546334408756
-7.1696325869912081e-05
-7.1696325869912081e-05
-0.00011697422799570875
-0.00011697422799570875
-7.5740106679360878e-05
-7.5740106679360878e-05
0.00013123916901358398
0.00010310378043942646
0.00010310378043942646
-0.00017812731223066204
-0.00017812731223066204
-0.00014035058065074474
-0.00014035058065074474
-0.00038167694670520924
-0.00038167694670520924
0.00020884953167075497
0.00020884953167075497
0.00031221018364445478
0.00031221018364445478
3.9662952973436756e-05
3.9662952973436756e-05
-8.8039792339497942e-05
-8.8039792339497942e-05
-5.6736571421213481e-05
-5.6736571421213481e-05
-0.00026687129306473992
-0.00026687129306473992
0.00027855018942859577
0.00027855018942859577
-0.00020159350783529497
-0.00020159350783529497
-8.15061704740439e-05
-8.15061704740439e-05
0.00027110056809872033
-4.1419867499364631e-05
-4.1419867499364631e-05
-6.1597807232512388e-05
-6.1597807232512388e-05
0.00027159721157178244
-9.6846037040660104e-05
-9.6846037040660104e-05
0.0001564946641937508
0.0001564946641937508
-4.8248459451320606e-05
-4.8248459451320606e-05
-3.0750424246502825e-05
-3.0750424246502825e-05
0.00035652767287053645
0.00035652767287053645
6.7316308379520288e-05
6.7316308379520288e-05
0.00013899969469300741
0.00013899969469300741
-8.1458326452830095e-06
-8.1458326452830095e-06
-0.0001315326651166683
-0.0001315326651166683
-1.8307535987207186e-05
-1.8307535987207186e-05
-0.00013765418749342258
-0.00013765418749342258
1.8329054456412487e-05
1.8329054456412487e-05
0.00010037388478446539
0.00010037388478446539
0.00016244853123921748
0.00016244853123921748
0.0001082928042093045
0.0001082928042093045
0.00033564601733714598
0.00033564601733714598
-0.00044403652106595539
-0.00044403652106595539
0.00011616662584115998
0.00011616662584115998
-0.00030416248327139162
-0.00030416248327139162
-5.8828771072156618e-05
-5.8828771072156618e-05
-5.3515403401431249e-05
-5.3515403401431249e-05
1.6734483428820828e-05
1.6734483428820828e-05
-8.0967494386143324e-05
-8.0967494386143324e-05
-0.00013845526987161957
-0.00013845526987161957
-0.00012088375617204587
-0.00012088375617204587
-0.00011135524601767651
-0.00011135524601767651
7.1274541687639211e-05
7.1274541687639211e-05
0.00019201423218985486
0.00019201423218985486
-7.0772773496544421e-06
-7.0772773496544421e-06
0.00023394550598084777
0.00023394550598084777
2.917467718737554e-06
2.917467718737554e-06
-0.00040132257074036097
-0.00031934012724010207
-6.3368429984631363e-05
5.0895177625702836e-05
-7.8545796869496442e-05
-7.8545796869496442e-05
8.577581376183309e-05
8.577581376183309e-05
-7.3198925199017645e-05
-0.00011143442677023837
7.8255107877927147e-05
7.8255107877927147e-05
7.9703790983223058e-05
7.9703790983223058e-05
-2.1785989350026114e-05
-2.1785989350026114e-05
-4.8440948100618478e-05
-4.8440948100618478e-05
0.00017977222593091167
0.00017977222593091167
-1.6669261058862379e-05
-1.6669261058862379e-05
0.00027121647507670314
0.00027121647507670314
-2.3212067721596432e-05
-2.3212067721596432e-05
0.00011771568993220174
0.00011170924373793332
0.00011170924373793332
-7.8043263403070986e-05
-7.8043263403070986e-05
0.00023586398238109967
0.00023586398238109967
-0.00016537995063726712
-0.00011110817758994811
-0.00011110817758994811
3.5620729526329633e-05
3.5620729526329633e-05
-5.537631672450803e-05
8.4842572485867968e-05
8.4842572485867968e-05
0.0001394953066086405
0.0001394953066086405
1.4762200670529305e-05
1.4762200670529305e-05
-5.0465742719486267e-05
-5.0465742719486267e-05
-4.9924849261576921e-05
-4.9924849261576921e-05
3.957608099618019e-05
-1.2897833204279226e-05
3.6097278352261566e-05
-0.00014394704224241105
-0.00014394704224241105
-0.00012653353119315003
-0.00025868112598845179
-0.00025868112598845179
7.2531670250552624e-05
-7.7283758059160595e-05
-8.1287524713800739e-05
