0.33333333333333331
0.20000000000000001
0.20000000000000001
0.20000000000000001
0.125
0.14285714285714285
0.10000000000000001
0.10000000000000001
0.083333333333333329
0.066666666666666666
0.032258064516129031
0.066666666666666666
0.066666666666666666
0.055555555555555552
0.10000000000000001
0.076923076923076927
0.090909090909090912
0.083333333333333329
0.098039215686274508
0.125
0.12727272727272726
0.1111111111111111
0.096774193548387094
0.1111111111111111
0.1111111111111111
0.096774193548387094
0.083333333333333329
0.14666666666666667
0.14285714285714285
0.1111111111111111
0.15384615384615385
0.14666666666666667
0.14606741573033707
0.14285714285714285
0.17073170731707318
0.16279069767441862
0.16883116883116883
0.1875
0.16666666666666666
0.12871287128712872
0.1743119266055046
0.20754716981132076
0.6157407407407407
0.54666666666666663
0.57990867579908678
0.56444444444444442
0.51082251082251084
0.52818371607515657
0.50943396226415094
0.53125
0.50413223140495866
0.51037344398340245
0.51397849462365597
0.4826086956521739
0.48178137651821862
0.51271186440677963
0.49596774193548387
0.50103092783505154
0.48919449901768175
0.4689922480620155
0.46930693069306928
0.46611909650924027
0.46694214876033058
0.45816733067729082
0.46019417475728153
0.46198830409356723
0.44465290806754221
0.45849802371541504
0.44894026974951828
0.44528301886792454
0.44268774703557312
0.44402985074626866
0.44550669216061184
0.43494423791821563
0.43071161048689138
0.4280442804428044
0.43278084714548803
0.43295019157088122
0.43542435424354242
0.43970315398886828
0.43866171003717475
0.43656716417910446
0.44299065420560746
0.42329020332717188
0.44280442804428044
0.45018450184501846
0.45925925925925926
0.46296296296296297
0.45656192236598891
0.45692883895131087
0.49446494464944651
0.49814126394052044
0.4713493530499076
