len(A)=2:
[228, 232]


len(A)=3:
[1087545, 1060307, 1060308]


len(A)=4:
[153, 152, 154, 8945]


len(A)=5:
[333, 187, 336, 334, 335]


len(A)=6:
[151, 153, 152, 154, 8945, 132]


len(A)=7:
[187, 336, 333, 334, 4139, 4502, 335]


len(A)=8:
[159, 282, 283, 158, 160, 280, 281, 1059924]


len(A)=9:
[90, 400, 1642, 5901, 397, 1520, 257, 297, 293]


len(A)=10:
[90, 400, 1642, 5901, 397, 297, 257, 293, 1520, 91]


len(A)=11:
[189, 190, 5297, 4444, 4356, 4454, 191, 10526, 10525, 5294, 10937]


len(A)=12:
[189, 190, 5294, 10937, 10525, 5297, 4444, 4356, 4454, 4506, 191, 10526]


len(A)=13:
[90, 400, 1642, 5901, 397, 297, 257, 91, 345, 344, 403, 293, 1520]


len(A)=14:
[10417, 10400, 196, 192, 193, 9967, 9968, 10687, 10696, 4212, 195, 338, 337, 9407]


len(A)=15:
[90, 400, 1642, 397, 297, 257, 91, 345, 344, 403, 382, 295, 296, 293, 1520]


len(A)=16:
[90, 400, 1642, 5901, 397, 297, 257, 293, 1520, 91, 152, 153, 8945, 154, 151, 132]


len(A)=17:
[1059923, 1059924, 280, 158, 160, 159, 282, 283, 281, 1059925, 1059965, 167, 168, 169, 10687, 10696, 4212]


len(A)=18:
[5297, 4356, 4444, 10526, 191, 189, 190, 5294, 10937, 10525, 4454, 10417, 9967, 9968, 193, 315, 314, 316]


len(A)=19:
[10417, 9967, 9968, 193, 189, 190, 5297, 4444, 4356, 4454, 4506, 191, 10526, 5294, 10525, 192, 10687, 4212, 10400]


len(A)=20:
[151, 153, 152, 154, 8945, 132, 5294, 10525, 5297, 4444, 4356, 4454, 4506, 191, 10526, 190, 189, 314, 315, 316]


len(A)=21:
[90, 400, 1642, 5901, 397, 91, 297, 257, 345, 344, 382, 295, 296, 1520, 319, 320, 4052, 333, 187, 336, 335]


len(A)=22:
[4137, 170, 157, 162, 155, 156, 4323, 4138, 4091, 278, 148, 147, 412, 322, 324, 325, 8951, 10926, 146, 4150, 166, 332]


len(A)=23:
[5294, 10937, 10525, 5297, 4444, 4356, 4454, 4506, 191, 10526, 190, 189, 116, 117, 9062, 133, 319, 320, 4052, 10687, 192, 193, 4212]


len(A)=24:
[1059924, 280, 158, 160, 159, 282, 283, 281, 168, 1059923, 1059925, 286, 292, 1059987, 172, 167, 1060295, 176, 178, 181, 182, 183, 291, 1060013]


len(A)=25:
[2, 3, 309, 274, 4, 273, 3872, 3861, 3862, 388, 389, 4006, 3998, 3999, 7, 1060215, 1060390, 8, 4444, 4356, 4454, 4506, 191, 10526, 5297]


len(A)=26:
[2, 3, 309, 274, 3862, 273, 3872, 3861, 1060215, 1060390, 4, 5, 9, 10464, 311, 310, 6, 305, 1060307, 1087545, 1060308, 3999, 3998, 7, 16, 17]


len(A)=27:
[90, 400, 1642, 5901, 397, 297, 257, 91, 345, 344, 382, 295, 296, 293, 1520, 4212, 10687, 192, 193, 9967, 9968, 10417, 10400, 196, 1087545, 1060307, 1060308]


len(A)=28:
[1059987, 292, 172, 167, 168, 281, 280, 1059924, 1059923, 1059965, 1059925, 158, 160, 159, 169, 286, 1060295, 190, 5297, 4444, 4356, 4454, 4506, 191, 10526, 189, 282, 10525]


len(A)=29:
[168, 281, 1059924, 1059923, 1059925, 1059965, 286, 1060295, 167, 169, 172, 176, 178, 175, 161, 328, 8933, 4478, 173, 189, 190, 5297, 4444, 4356, 4454, 4506, 191, 10526, 10525]


len(A)=30:
[168, 281, 280, 1059924, 158, 159, 282, 283, 1059923, 1059965, 167, 169, 181, 178, 176, 172, 173, 175, 182, 290, 209, 287, 372, 1060078, 373, 374, 375, 314, 315, 316]


len(A)=31:
[30, 32, 33, 27, 28, 31, 1059924, 280, 158, 160, 159, 282, 283, 281, 90, 400, 1642, 5901, 297, 257, 91, 345, 344, 403, 293, 1520, 295, 382, 319, 320, 4052]


len(A)=32:
[116, 117, 9062, 118, 133, 168, 1059923, 1059924, 280, 158, 160, 159, 282, 283, 1059925, 286, 292, 1059987, 172, 176, 178, 175, 161, 328, 8933, 327, 329, 4477, 173, 174, 1060295, 167]


len(A)=33:
[155, 157, 162, 170, 171, 4139, 4502, 165, 166, 332, 209, 288, 302, 290, 287, 372, 1060078, 373, 374, 375, 318, 72, 71, 319, 320, 4052, 328, 8933, 4478, 327, 329, 4477, 334]


len(A)=34:
[190, 5297, 4444, 4356, 4454, 4506, 191, 189, 10525, 216, 227, 233, 225, 228, 232, 10893, 218, 224, 217, 234, 236, 219, 230, 318, 72, 317, 4041, 4055, 388, 389, 4006, 3998, 3999, 4005]


len(A)=35:
[2, 3, 4, 273, 3872, 3861, 3862, 274, 1060215, 7, 8, 5, 9, 10464, 311, 310, 6, 305, 1060307, 1087545, 1060308, 15, 14, 12, 13, 314, 315, 316, 345, 344, 91, 295, 296, 382, 403]


len(A)=36:
[30, 32, 33, 31, 90, 400, 1642, 5901, 397, 1520, 184, 179, 180, 163, 164, 165, 166, 332, 225, 216, 10893, 233, 228, 232, 234, 236, 227, 239, 314, 315, 316, 327, 328, 8933, 4478, 4477]


len(A)=37:
[30, 32, 33, 27, 28, 31, 34, 35, 1060307, 1087545, 1060308, 289, 362, 361, 377, 194, 195, 196, 10400, 10417, 192, 10687, 10696, 4212, 338, 9407, 188, 1060014, 5297, 4444, 4356, 4454, 4506, 191, 10525, 5294, 10937]


len(A)=38:
[1087545, 1060307, 1060308, 10417, 10400, 196, 192, 10687, 10696, 4212, 9967, 9968, 181, 178, 176, 173, 174, 175, 182, 187, 336, 333, 334, 4139, 4502, 335, 320, 319, 4052, 327, 328, 8933, 4478, 329, 4477, 338, 337, 9407]


len(A)=39:
[34, 32, 33, 35, 139, 140, 8855, 138, 144, 177, 8862, 143, 145, 142, 141, 325, 8951, 2342, 152, 153, 8945, 154, 155, 156, 4323, 4091, 151, 157, 162, 166, 332, 171, 170, 4139, 4502, 4138, 314, 315, 316]


len(A)=40:
[193, 192, 196, 10400, 10417, 9967, 9968, 201, 202, 208, 209, 290, 287, 372, 373, 374, 375, 213, 222, 214, 383, 203, 328, 161, 149, 146, 147, 412, 322, 10926, 150, 148, 324, 4478, 327, 329, 4477, 338, 337, 9407]


len(A)=41:
[90, 400, 1642, 5901, 397, 297, 91, 345, 344, 403, 382, 295, 296, 293, 216, 227, 233, 225, 228, 232, 10893, 224, 217, 234, 236, 283, 282, 159, 158, 160, 290, 209, 287, 372, 1060078, 373, 374, 375, 338, 337, 9407]


len(A)=43:
[1059924, 280, 281, 159, 158, 1059923, 1059925, 1059965, 151, 153, 152, 154, 156, 4323, 4138, 4137, 4150, 4091, 132, 168, 181, 178, 176, 172, 292, 291, 1060013, 1059987, 286, 173, 175, 183, 282, 314, 315, 316, 388, 389, 4006, 4005, 10687, 10696, 4212]


len(A)=48:
[27, 28, 30, 31, 32, 34, 35, 155, 157, 162, 170, 4137, 4138, 4150, 166, 332, 172, 176, 173, 174, 292, 291, 289, 362, 1060014, 1060013, 183, 181, 182, 1059987, 286, 1060295, 195, 196, 10400, 10417, 9967, 9968, 338, 9407, 4323, 4091, 232, 228, 388, 389, 4006, 4005]


len(A)=159:
[4, 5, 7, 8, 9, 12, 15, 16, 22, 23, 26, 27, 30, 32, 33, 34, 37, 38, 42, 44, 45, 47, 48, 49, 51, 53, 55, 56, 58, 59, 60, 64, 65, 66, 68, 69, 70, 71, 76, 79, 80, 82, 89, 91, 93, 97, 98, 99, 101, 104, 106, 108, 111, 120, 124, 128, 130, 133, 135, 136, 137, 145, 147, 150, 156, 160, 161, 162, 164, 166, 167, 169, 171, 174, 177, 183, 184, 186, 187, 188, 189, 194, 196, 197, 201, 207, 210, 212, 213, 214, 215, 217, 218, 10464, 225, 226, 229, 232, 233, 238, 239, 243, 4137, 257, 4356, 275, 276, 278, 279, 281, 283, 289, 292, 293, 295, 299, 302, 304, 305, 311, 312, 317, 318, 319, 320, 328, 329, 335, 337, 1087545, 372, 375, 376, 387, 391, 4502, 412, 10687, 10925, 8933, 8947, 8949, 1059795, 1059803, 1060014, 10417, 1059923, 1059924, 1060013, 1203, 1060215, 1060390, 10525, 9967, 9968, 5901, 3999, 4005, 4052]


len(A)=165:
[3, 5, 7, 17, 20, 24, 27, 31, 32, 33, 35, 36, 39, 44, 45, 46, 50, 51, 52, 53, 54, 56, 59, 65, 66, 74, 76, 77, 78, 80, 87, 89, 92, 93, 94, 97, 102, 105, 106, 109, 110, 111, 112, 113, 117, 119, 120, 121, 125, 127, 129, 130, 131, 132, 134, 136, 138, 139, 142, 144, 151, 154, 157, 158, 160, 161, 162, 163, 164, 173, 175, 176, 177, 180, 182, 183, 185, 186, 187, 188, 197, 198, 202, 206, 207, 208, 209, 212, 214, 216, 218, 219, 222, 223, 10464, 226, 231, 234, 237, 241, 243, 4137, 4356, 277, 285, 289, 291, 295, 305, 311, 314, 315, 316, 318, 326, 328, 1087545, 344, 345, 346, 347, 4444, 350, 4454, 361, 362, 374, 376, 391, 397, 400, 403, 4502, 4506, 411, 412, 10687, 8862, 10926, 4212, 8933, 8945, 8951, 10937, 9062, 1059823, 1059853, 1059923, 1059965, 1203, 9407, 224, 227, 389, 1060297, 1060307, 3558, 1642, 2339, 4150, 3861, 3862, 3999, 4027, 4091]


len(A)=166:
[3, 4, 5, 7, 9, 11, 13, 15, 18, 20, 23, 25, 26, 28, 32, 33, 34, 35, 39, 42, 50, 52, 53, 56, 60, 61, 64, 67, 71, 75, 78, 80, 93, 95, 96, 97, 100, 103, 104, 107, 108, 110, 116, 117, 119, 125, 126, 129, 130, 133, 137, 138, 141, 145, 146, 147, 148, 149, 150, 151, 155, 160, 161, 168, 169, 170, 173, 174, 175, 178, 181, 183, 185, 186, 188, 192, 194, 196, 197, 199, 200, 202, 205, 209, 210, 211, 212, 213, 214, 215, 217, 218, 225, 226, 229, 230, 232, 234, 237, 241, 4137, 4139, 266, 273, 279, 281, 284, 285, 287, 288, 290, 292, 2342, 296, 297, 298, 303, 305, 310, 316, 318, 319, 320, 322, 329, 335, 336, 337, 1087545, 362, 374, 4477, 387, 388, 406, 397, 4502, 411, 10687, 8841, 10893, 8855, 10926, 10937, 10400, 1059795, 1059803, 1060014, 1059924, 1059965, 1059987, 1060013, 1060078, 224, 1060215, 1060297, 1060308, 3558, 10526, 4150, 9967, 9968, 5901, 4005, 4006, 4041]


len(A)=167:
[3, 8, 9, 10, 11, 12, 13, 17, 18, 19, 20, 24, 28, 30, 31, 32, 34, 41, 42, 44, 45, 47, 48, 50, 53, 57, 58, 59, 62, 63, 65, 66, 67, 68, 74, 75, 79, 81, 82, 89, 93, 100, 101, 103, 105, 109, 110, 113, 116, 119, 121, 127, 129, 130, 137, 138, 141, 147, 149, 150, 155, 156, 157, 159, 160, 161, 164, 168, 170, 171, 172, 174, 176, 177, 180, 186, 188, 189, 190, 192, 193, 196, 205, 206, 209, 212, 214, 220, 221, 222, 225, 4323, 228, 232, 237, 241, 243, 4138, 266, 274, 278, 282, 286, 288, 289, 290, 292, 293, 295, 297, 298, 303, 304, 309, 310, 312, 314, 316, 318, 320, 322, 327, 328, 333, 1087545, 345, 347, 350, 4454, 362, 374, 377, 388, 391, 4502, 411, 412, 10687, 8947, 8951, 9062, 1059754, 1059795, 1059796, 1059823, 1060014, 10417, 1059923, 1059987, 1060013, 1203, 4299, 1060078, 224, 1060295, 1060297, 9824, 2339, 4150, 9967, 9968, 5901, 3861, 3872, 4005, 4006, 4052]


len(A)=168:
[2, 3, 4, 9, 14, 15, 16, 20, 21, 22, 25, 26, 28, 29, 34, 37, 38, 39, 43, 44, 47, 54, 62, 64, 66, 67, 68, 70, 71, 74, 76, 77, 80, 81, 82, 88, 90, 92, 93, 98, 100, 101, 104, 108, 109, 110, 112, 113, 114, 115, 117, 118, 119, 120, 123, 128, 129, 136, 138, 140, 143, 145, 149, 151, 152, 153, 155, 157, 158, 161, 162, 164, 165, 168, 170, 171, 174, 175, 176, 177, 178, 180, 186, 188, 189, 190, 191, 197, 200, 201, 202, 203, 206, 208, 209, 212, 213, 214, 217, 222, 223, 10464, 233, 236, 239, 4478, 4137, 257, 274, 275, 278, 280, 283, 284, 288, 289, 290, 296, 297, 309, 312, 315, 320, 322, 324, 325, 334, 337, 338, 350, 360, 362, 372, 373, 374, 375, 376, 377, 387, 388, 400, 8841, 8862, 4212, 8945, 9062, 1059795, 1059796, 1059803, 1059823, 1059924, 1059965, 5294, 5297, 4299, 1060078, 1520, 1060390, 1642, 10525, 2339, 9968, 5901, 3861, 3862, 4004, 4005, 4055]


len(A)=169:
[3, 6, 11, 12, 13, 17, 20, 22, 23, 25, 31, 33, 35, 38, 39, 40, 41, 45, 46, 52, 54, 57, 58, 60, 61, 63, 64, 65, 69, 70, 74, 76, 79, 80, 83, 87, 88, 89, 92, 93, 94, 95, 96, 97, 99, 101, 104, 106, 111, 112, 113, 116, 117, 118, 119, 121, 122, 127, 129, 130, 131, 132, 137, 139, 141, 143, 149, 151, 152, 153, 155, 156, 159, 161, 162, 163, 164, 165, 166, 172, 173, 179, 180, 181, 182, 184, 187, 190, 192, 195, 196, 199, 202, 203, 204, 205, 206, 207, 208, 209, 212, 213, 217, 218, 220, 222, 10464, 228, 238, 241, 243, 4139, 4356, 266, 274, 277, 278, 281, 282, 284, 286, 289, 291, 292, 2342, 305, 309, 317, 318, 324, 325, 326, 327, 334, 336, 337, 338, 345, 4444, 372, 373, 4477, 383, 388, 406, 391, 397, 400, 412, 8841, 8933, 8946, 8947, 1059754, 1059796, 1060014, 1059924, 1059965, 1060013, 227, 1060297, 1060390, 9968, 3861, 3872, 3999, 4004, 4006, 4027]


len(A)=170:
[3, 6, 7, 11, 12, 16, 17, 20, 22, 24, 26, 29, 30, 32, 34, 36, 37, 43, 44, 45, 48, 49, 50, 51, 52, 54, 55, 56, 59, 63, 65, 68, 69, 70, 72, 74, 81, 86, 89, 90, 91, 97, 99, 105, 108, 110, 111, 112, 115, 119, 121, 122, 126, 130, 133, 134, 140, 141, 142, 149, 156, 158, 159, 160, 161, 163, 165, 167, 168, 169, 171, 174, 175, 177, 178, 179, 180, 181, 188, 196, 199, 200, 201, 204, 205, 206, 207, 208, 211, 212, 213, 214, 217, 219, 221, 226, 229, 231, 232, 234, 236, 237, 238, 239, 243, 4478, 257, 4356, 275, 276, 278, 279, 280, 281, 283, 290, 297, 310, 317, 318, 326, 328, 329, 332, 337, 1087545, 344, 345, 4444, 350, 360, 361, 362, 377, 388, 406, 397, 400, 4502, 4506, 10687, 8855, 8862, 10925, 4212, 8945, 8946, 1059754, 1059795, 10417, 1059923, 1059965, 1060013, 5297, 1203, 9407, 4299, 227, 1060215, 1060307, 1060308, 1520, 1060390, 10525, 9967, 5901, 4004, 4006, 4027, 4052]


len(A)=171:
[4, 5, 6, 10, 12, 13, 20, 21, 25, 26, 29, 31, 33, 36, 40, 41, 43, 45, 46, 47, 50, 52, 55, 57, 58, 59, 61, 65, 66, 67, 68, 69, 70, 72, 73, 75, 76, 88, 95, 96, 97, 100, 101, 103, 104, 110, 112, 113, 114, 115, 117, 126, 128, 129, 130, 131, 132, 136, 138, 143, 151, 152, 154, 157, 159, 162, 163, 164, 168, 169, 170, 176, 178, 179, 180, 182, 184, 188, 192, 194, 199, 201, 203, 204, 205, 208, 211, 213, 215, 216, 218, 219, 222, 10464, 225, 230, 231, 232, 234, 236, 237, 4137, 257, 4139, 4356, 275, 285, 286, 288, 297, 298, 299, 302, 309, 310, 311, 312, 317, 318, 319, 320, 322, 324, 329, 332, 335, 336, 337, 338, 346, 347, 350, 361, 372, 373, 374, 377, 4477, 397, 400, 403, 4506, 411, 8841, 10893, 10926, 4212, 8945, 1059754, 1059803, 1059823, 1059923, 1059924, 1059925, 5297, 224, 227, 1060215, 389, 1060295, 1060297, 1060308, 1060390, 10526, 2339, 9968, 3862, 3872, 3999, 4004, 4052]


len(A)=172:
[2, 4, 7, 10, 13, 15, 20, 22, 26, 27, 29, 30, 32, 35, 36, 38, 39, 41, 42, 43, 44, 45, 49, 55, 57, 61, 64, 67, 69, 70, 71, 72, 73, 76, 79, 81, 83, 87, 89, 91, 92, 95, 98, 99, 102, 103, 104, 109, 116, 120, 121, 122, 124, 128, 131, 132, 133, 134, 139, 141, 144, 147, 150, 151, 153, 155, 157, 159, 162, 163, 164, 165, 167, 168, 170, 174, 177, 183, 185, 187, 196, 204, 205, 206, 207, 209, 210, 213, 214, 215, 216, 221, 222, 223, 10464, 225, 229, 230, 233, 234, 236, 239, 4356, 266, 273, 274, 277, 279, 281, 282, 286, 287, 290, 292, 295, 296, 299, 302, 311, 312, 313, 314, 316, 317, 322, 324, 326, 327, 328, 329, 332, 336, 344, 350, 4454, 360, 361, 372, 374, 4477, 382, 406, 412, 10687, 8841, 10925, 8947, 10937, 9062, 10400, 1059823, 1059853, 1060014, 10417, 1059923, 1059925, 1059987, 5294, 5297, 1060078, 224, 227, 1060297, 1060307, 3558, 1520, 1060390, 9967, 3862, 3872, 4004, 4055]


len(A)=173:
[5, 7, 8, 9, 12, 15, 17, 19, 20, 22, 23, 24, 25, 26, 27, 33, 34, 37, 38, 41, 43, 44, 45, 49, 51, 52, 57, 58, 59, 60, 62, 63, 70, 71, 76, 77, 78, 79, 82, 83, 89, 93, 94, 98, 99, 108, 115, 123, 124, 126, 127, 128, 129, 130, 131, 132, 133, 135, 136, 141, 142, 144, 145, 149, 150, 155, 156, 161, 163, 165, 166, 169, 178, 181, 183, 186, 187, 188, 194, 198, 200, 202, 207, 209, 211, 213, 217, 218, 220, 222, 225, 226, 4323, 228, 236, 237, 239, 243, 4137, 4138, 4139, 4356, 266, 273, 274, 276, 277, 281, 282, 283, 284, 285, 286, 287, 288, 289, 290, 291, 292, 2342, 298, 304, 305, 309, 311, 312, 319, 320, 325, 326, 329, 333, 334, 335, 1087545, 344, 350, 360, 361, 373, 375, 376, 377, 382, 387, 388, 400, 403, 412, 8855, 8862, 10926, 4212, 8946, 10937, 1059795, 1059796, 1059803, 10417, 1059924, 1060013, 1203, 1060078, 10526, 4150, 3872, 3998, 3999, 4006, 4041, 4052, 4055, 4091]


len(A)=174:
[2, 3, 6, 7, 11, 14, 15, 17, 19, 20, 22, 23, 24, 26, 29, 30, 33, 35, 37, 39, 40, 41, 42, 43, 44, 45, 46, 47, 50, 51, 52, 54, 55, 57, 58, 61, 63, 64, 65, 67, 69, 76, 78, 81, 91, 94, 98, 101, 106, 107, 108, 112, 114, 115, 118, 121, 123, 125, 130, 132, 136, 137, 141, 142, 144, 146, 147, 149, 150, 151, 153, 155, 161, 166, 169, 170, 173, 174, 177, 182, 184, 185, 188, 196, 198, 200, 201, 204, 206, 208, 209, 210, 212, 213, 215, 216, 219, 221, 223, 10464, 228, 231, 232, 233, 236, 237, 243, 4137, 273, 276, 278, 280, 281, 287, 295, 299, 304, 305, 311, 312, 313, 314, 315, 316, 322, 324, 332, 333, 335, 345, 347, 362, 372, 375, 382, 383, 400, 403, 412, 10696, 8841, 10893, 8862, 10925, 10926, 8945, 8949, 10937, 1059754, 1059853, 10417, 1059925, 1059987, 5294, 9407, 4299, 1060078, 227, 1060215, 389, 1060308, 3558, 1520, 9824, 1642, 4150, 9967, 9968, 5901, 3862, 3872, 3998, 4027, 4055]


len(A)=175:
[2, 5, 6, 7, 8, 9, 10, 12, 13, 14, 15, 16, 18, 20, 33, 39, 42, 48, 49, 52, 54, 55, 56, 57, 60, 62, 63, 68, 70, 71, 72, 73, 79, 81, 83, 88, 89, 94, 95, 96, 98, 101, 102, 106, 109, 112, 115, 117, 119, 120, 121, 122, 123, 124, 125, 126, 127, 132, 133, 139, 141, 142, 144, 146, 147, 149, 150, 152, 158, 160, 168, 174, 175, 176, 179, 182, 191, 192, 193, 195, 196, 202, 203, 205, 210, 213, 214, 215, 216, 220, 222, 10464, 225, 228, 229, 231, 233, 236, 237, 241, 4137, 257, 4356, 266, 274, 280, 281, 285, 286, 287, 291, 293, 2342, 296, 297, 298, 299, 302, 305, 311, 312, 313, 314, 315, 318, 322, 327, 329, 335, 338, 4444, 361, 372, 4477, 383, 397, 400, 411, 412, 10687, 10696, 8841, 10925, 10926, 4212, 8933, 8945, 8949, 8951, 10937, 10400, 1059924, 1059965, 1059987, 1060013, 5294, 5297, 4299, 1060078, 224, 227, 1060215, 1060308, 3558, 10526, 2339, 4150, 5901, 3861, 3998, 3999, 4005, 4006, 4055, 4091]


len(A)=176:
[12, 13, 18, 22, 23, 26, 28, 34, 35, 39, 44, 45, 46, 47, 48, 49, 50, 51, 53, 55, 59, 61, 63, 65, 66, 67, 68, 70, 72, 73, 78, 80, 86, 87, 92, 94, 96, 97, 98, 103, 105, 107, 108, 109, 110, 111, 113, 114, 115, 117, 118, 119, 126, 127, 128, 129, 133, 134, 135, 136, 137, 138, 141, 143, 146, 149, 150, 152, 155, 156, 158, 160, 161, 163, 164, 165, 167, 170, 171, 172, 174, 175, 177, 182, 184, 188, 189, 190, 191, 193, 194, 195, 199, 200, 205, 208, 210, 215, 216, 217, 218, 221, 223, 225, 226, 228, 232, 4138, 266, 275, 279, 280, 281, 284, 287, 291, 295, 299, 303, 313, 314, 316, 317, 318, 320, 322, 324, 325, 326, 327, 328, 329, 332, 333, 337, 338, 1087545, 344, 346, 4444, 350, 376, 377, 387, 397, 400, 411, 412, 8855, 8862, 10926, 8933, 8949, 10937, 10400, 1059796, 10417, 1059923, 1059924, 5294, 5297, 1203, 4299, 1060078, 227, 1060215, 389, 1060297, 1060307, 9824, 10525, 10526, 9968, 5901, 3862, 4004]


len(A)=177:
[2, 4, 6, 10, 11, 12, 14, 15, 18, 20, 21, 22, 23, 24, 25, 26, 27, 28, 29, 30, 32, 37, 39, 41, 42, 43, 44, 45, 51, 52, 53, 61, 64, 66, 71, 72, 73, 74, 78, 79, 80, 82, 86, 88, 91, 96, 97, 102, 103, 106, 107, 110, 114, 115, 122, 124, 130, 131, 132, 134, 138, 141, 142, 144, 151, 152, 157, 159, 163, 165, 170, 171, 173, 179, 180, 181, 184, 185, 191, 196, 197, 198, 201, 203, 204, 205, 208, 209, 210, 212, 214, 217, 220, 222, 225, 226, 232, 241, 4139, 266, 274, 281, 289, 290, 291, 2342, 296, 299, 304, 305, 309, 310, 313, 314, 316, 317, 320, 328, 332, 333, 334, 335, 336, 337, 345, 346, 350, 361, 372, 374, 375, 376, 382, 387, 391, 4506, 411, 10687, 10696, 8841, 10893, 8855, 10925, 10926, 4212, 8933, 8947, 8949, 10937, 9062, 1059754, 10400, 1059803, 1059853, 1060014, 1059923, 1059925, 1059965, 1060013, 5297, 9407, 224, 227, 1060308, 3558, 9824, 1642, 10525, 9967, 5901, 3862, 3872, 3998, 4004, 4006, 4027, 4055]


len(A)=178:
[2, 3, 4, 5, 7, 8, 12, 15, 18, 22, 25, 26, 29, 30, 31, 32, 34, 36, 39, 40, 41, 44, 46, 52, 53, 54, 55, 57, 58, 62, 63, 67, 68, 69, 70, 71, 73, 76, 79, 83, 86, 88, 89, 95, 98, 99, 102, 104, 110, 113, 114, 117, 119, 120, 121, 122, 125, 126, 129, 130, 131, 135, 138, 142, 143, 145, 146, 147, 148, 149, 150, 152, 159, 162, 163, 164, 165, 168, 169, 171, 173, 175, 190, 191, 192, 194, 197, 198, 199, 201, 203, 205, 207, 209, 210, 211, 212, 215, 217, 219, 221, 223, 10464, 226, 229, 230, 237, 239, 243, 4356, 276, 278, 281, 282, 284, 285, 286, 287, 288, 290, 291, 2342, 295, 296, 298, 303, 309, 310, 311, 314, 316, 317, 324, 325, 326, 329, 332, 334, 336, 338, 346, 4454, 372, 387, 391, 400, 403, 4502, 412, 10687, 10925, 4212, 9062, 10400, 1059853, 10417, 1059965, 1059987, 1060013, 5294, 5297, 9407, 227, 389, 1060295, 1060297, 1060308, 9824, 10526, 2339, 9967, 9968, 3872, 3998, 4004, 4005, 4006, 4041]


len(A)=179:
[2, 4, 5, 7, 10, 15, 16, 17, 22, 27, 28, 30, 32, 34, 35, 36, 40, 41, 42, 48, 49, 50, 51, 53, 55, 56, 59, 61, 65, 68, 69, 70, 74, 75, 80, 88, 90, 92, 94, 95, 96, 98, 99, 101, 102, 103, 108, 110, 112, 120, 121, 125, 126, 128, 129, 134, 138, 141, 142, 143, 144, 145, 148, 149, 154, 155, 160, 162, 163, 164, 165, 166, 173, 174, 175, 176, 178, 180, 182, 186, 187, 194, 197, 199, 200, 201, 202, 204, 208, 210, 216, 217, 218, 219, 223, 10464, 4323, 231, 232, 234, 237, 238, 239, 241, 4138, 4356, 273, 274, 275, 277, 278, 283, 285, 288, 289, 291, 292, 293, 2342, 297, 303, 304, 309, 310, 315, 317, 318, 324, 325, 326, 327, 329, 333, 335, 1087545, 344, 347, 360, 372, 373, 374, 376, 4477, 382, 383, 387, 391, 397, 400, 4502, 411, 10696, 8841, 8855, 10925, 10926, 8933, 8947, 8949, 1059823, 1060014, 10417, 1059924, 1060013, 5297, 1203, 227, 1060215, 1060297, 2339, 9967, 5901, 3861, 3862, 3872, 4004, 4005, 4041, 4091]


len(A)=180:
[2, 7, 8, 9, 13, 15, 18, 21, 23, 24, 31, 32, 34, 36, 37, 38, 40, 41, 42, 53, 54, 56, 57, 60, 62, 64, 65, 72, 75, 76, 78, 79, 87, 88, 89, 91, 93, 94, 95, 97, 101, 102, 103, 105, 106, 108, 109, 110, 111, 112, 115, 116, 117, 121, 124, 125, 126, 128, 130, 131, 134, 136, 137, 139, 141, 142, 145, 146, 147, 148, 153, 156, 163, 167, 168, 170, 173, 175, 180, 183, 188, 191, 192, 193, 194, 198, 200, 202, 205, 206, 208, 210, 211, 212, 215, 216, 220, 221, 222, 10464, 226, 4323, 231, 232, 238, 239, 243, 4138, 266, 274, 278, 279, 282, 284, 286, 287, 288, 302, 310, 311, 312, 313, 314, 316, 317, 318, 319, 322, 324, 325, 327, 329, 344, 345, 346, 347, 4454, 372, 373, 375, 376, 382, 403, 412, 10687, 8841, 8855, 8862, 10925, 10926, 8947, 8949, 10937, 9062, 10400, 1059803, 1059823, 1059853, 1059925, 1059965, 1059987, 5297, 1203, 224, 227, 389, 1060307, 3558, 1642, 10525, 10526, 4150, 9968, 5901, 3862, 3998, 4004, 4006, 4052, 4055]


len(A)=181:
[4, 5, 8, 11, 13, 14, 15, 16, 18, 19, 20, 23, 25, 27, 29, 34, 40, 41, 45, 46, 51, 52, 53, 56, 64, 71, 76, 79, 80, 81, 82, 87, 88, 90, 91, 92, 95, 99, 100, 105, 106, 107, 113, 114, 115, 118, 119, 121, 122, 123, 124, 136, 137, 139, 143, 144, 145, 147, 148, 149, 151, 156, 159, 161, 162, 164, 165, 168, 169, 171, 172, 174, 175, 184, 187, 189, 190, 191, 192, 193, 195, 196, 197, 199, 201, 204, 206, 208, 209, 211, 212, 213, 216, 217, 220, 221, 10464, 225, 226, 228, 229, 230, 231, 232, 233, 234, 236, 241, 243, 4478, 257, 4139, 273, 274, 276, 278, 279, 281, 282, 284, 285, 286, 287, 289, 291, 292, 2342, 297, 302, 304, 310, 311, 312, 314, 316, 319, 334, 336, 338, 344, 345, 347, 4444, 360, 361, 362, 373, 383, 406, 391, 397, 400, 403, 4502, 411, 412, 10893, 10925, 8933, 8946, 8947, 8951, 1059795, 1059923, 1059925, 1059965, 1059987, 1060013, 5297, 1060078, 224, 1060297, 1642, 10525, 4150, 3861, 3862, 3872, 4006, 4052, 4055]


len(A)=182:
[3, 4, 5, 6, 9, 10, 11, 12, 14, 15, 16, 19, 21, 25, 26, 29, 31, 32, 34, 36, 37, 39, 46, 50, 52, 55, 56, 57, 59, 60, 63, 64, 65, 66, 71, 72, 74, 77, 80, 83, 86, 90, 91, 95, 99, 100, 101, 103, 106, 107, 108, 109, 110, 111, 112, 113, 123, 124, 126, 127, 128, 129, 130, 133, 134, 136, 138, 139, 141, 144, 147, 148, 152, 153, 155, 160, 164, 166, 173, 175, 176, 178, 179, 181, 182, 183, 186, 187, 188, 190, 193, 196, 199, 200, 205, 209, 215, 216, 218, 10464, 225, 228, 230, 231, 234, 237, 238, 239, 243, 4139, 4356, 274, 275, 278, 280, 286, 289, 293, 296, 297, 298, 299, 302, 304, 305, 310, 311, 312, 313, 314, 316, 317, 318, 319, 324, 337, 344, 346, 4444, 350, 362, 376, 377, 387, 388, 406, 391, 400, 4502, 4506, 411, 10687, 10696, 8841, 8855, 8947, 8949, 8951, 10937, 9062, 10400, 1059795, 1059796, 1060014, 1059925, 1059965, 5294, 5297, 9407, 4299, 3558, 1520, 1060390, 1642, 10526, 2339, 9967, 5901, 3862, 4004, 4027, 4055]


len(A)=183:
[5, 6, 14, 15, 18, 20, 21, 25, 28, 29, 32, 33, 34, 35, 44, 47, 49, 50, 56, 57, 60, 62, 65, 70, 74, 75, 89, 91, 92, 93, 94, 97, 98, 100, 102, 105, 106, 111, 112, 117, 118, 120, 121, 122, 123, 124, 125, 126, 128, 129, 130, 131, 132, 134, 136, 140, 143, 146, 147, 148, 149, 150, 159, 161, 162, 164, 165, 166, 167, 168, 178, 179, 183, 184, 190, 195, 200, 202, 203, 205, 206, 207, 208, 210, 211, 212, 213, 215, 217, 219, 220, 221, 10464, 225, 226, 228, 230, 232, 233, 234, 237, 239, 241, 243, 4137, 257, 4356, 273, 276, 277, 278, 282, 285, 286, 287, 288, 289, 292, 293, 295, 298, 305, 310, 316, 319, 322, 326, 327, 328, 329, 332, 335, 336, 337, 338, 344, 345, 347, 4444, 350, 360, 376, 382, 383, 406, 397, 400, 412, 10687, 10696, 8841, 4212, 8946, 8949, 10937, 9062, 1059754, 1059795, 1059796, 1059803, 1060014, 1059925, 1059987, 5294, 5297, 1203, 4299, 1060078, 389, 1060297, 1060307, 1060308, 1520, 9824, 1642, 2339, 4150, 3872, 4004, 4006, 4027, 4052, 4055]


len(A)=184:
[2, 3, 4, 9, 10, 11, 16, 17, 20, 27, 28, 29, 32, 33, 37, 39, 41, 42, 43, 46, 47, 49, 54, 55, 56, 57, 59, 62, 65, 66, 67, 68, 77, 78, 79, 81, 82, 83, 89, 90, 91, 93, 97, 100, 101, 102, 105, 106, 107, 109, 111, 113, 114, 115, 116, 118, 120, 121, 122, 123, 125, 126, 128, 130, 131, 133, 136, 137, 138, 147, 151, 152, 158, 160, 161, 162, 163, 165, 169, 170, 171, 172, 176, 177, 178, 179, 180, 181, 182, 183, 184, 186, 187, 188, 190, 193, 196, 197, 198, 199, 201, 202, 204, 209, 212, 213, 218, 219, 220, 10464, 225, 226, 228, 229, 232, 236, 239, 4478, 4137, 4138, 257, 4356, 266, 273, 278, 285, 289, 292, 296, 297, 312, 313, 314, 315, 318, 320, 324, 332, 338, 1087545, 344, 345, 347, 4444, 350, 4454, 360, 362, 372, 373, 376, 382, 387, 391, 397, 400, 4506, 8841, 10937, 10400, 1059795, 1059796, 1060014, 1059965, 5297, 1203, 9407, 4299, 1060078, 1060215, 1060308, 1642, 10525, 10526, 4150, 9967, 9968, 3861, 3999, 4005, 4006, 4041, 4052, 4091]


len(A)=185:
[2, 3, 4, 6, 8, 9, 13, 18, 19, 25, 26, 27, 29, 30, 31, 32, 33, 36, 38, 40, 42, 44, 46, 47, 48, 51, 54, 55, 56, 61, 62, 63, 64, 67, 70, 75, 77, 80, 82, 88, 90, 91, 94, 95, 96, 97, 99, 100, 101, 102, 103, 105, 106, 107, 108, 109, 112, 113, 118, 119, 125, 126, 128, 129, 130, 134, 137, 139, 140, 144, 148, 150, 159, 164, 165, 167, 168, 169, 172, 173, 175, 176, 177, 178, 181, 183, 194, 195, 198, 203, 204, 216, 221, 222, 225, 226, 228, 229, 233, 234, 236, 237, 238, 239, 243, 4478, 4137, 4139, 4356, 273, 274, 276, 279, 280, 281, 282, 284, 288, 303, 304, 312, 313, 316, 318, 320, 324, 325, 326, 329, 337, 338, 1087545, 345, 346, 347, 4454, 360, 361, 362, 375, 377, 4477, 387, 388, 397, 400, 403, 4502, 411, 10696, 8841, 10893, 8855, 10925, 4212, 8947, 8949, 8951, 10400, 1059795, 1059823, 1059853, 10417, 1059923, 1059924, 1059965, 1059987, 5297, 1203, 9407, 1060078, 224, 227, 1060215, 1060297, 1060307, 1520, 1060390, 10526, 2339, 9968, 3861, 3862, 4052, 4055]


len(A)=186:
[5, 6, 7, 8, 9, 11, 12, 13, 15, 18, 19, 21, 22, 26, 27, 29, 30, 33, 35, 37, 38, 45, 46, 47, 48, 49, 52, 53, 54, 55, 58, 59, 65, 66, 67, 69, 70, 71, 73, 74, 76, 77, 78, 79, 80, 83, 86, 87, 88, 90, 92, 95, 96, 98, 99, 100, 102, 103, 105, 108, 110, 116, 117, 122, 124, 125, 126, 129, 130, 131, 132, 133, 135, 138, 141, 142, 150, 159, 162, 169, 170, 171, 172, 179, 181, 192, 196, 198, 201, 204, 211, 212, 213, 215, 217, 219, 220, 221, 223, 10464, 226, 228, 230, 231, 232, 233, 238, 243, 4478, 4137, 4138, 4139, 4356, 275, 277, 279, 282, 283, 285, 287, 290, 295, 296, 297, 303, 309, 310, 311, 312, 314, 315, 316, 317, 325, 326, 328, 335, 336, 338, 1087545, 4444, 350, 4454, 360, 372, 373, 374, 375, 376, 377, 4477, 382, 388, 406, 391, 397, 400, 412, 10696, 8862, 8933, 8945, 8946, 8947, 8949, 10937, 9062, 10400, 1059803, 1059823, 1059853, 1059923, 1059924, 1060215, 389, 1060297, 1060390, 9824, 2339, 5901, 3861, 3872, 3998, 4004, 4005, 4006]


len(A)=187:
[3, 6, 7, 8, 11, 14, 16, 17, 19, 21, 22, 25, 26, 27, 33, 35, 37, 40, 41, 44, 45, 46, 51, 53, 56, 59, 60, 61, 62, 65, 67, 68, 71, 72, 73, 75, 76, 78, 79, 82, 88, 89, 90, 91, 94, 96, 97, 98, 101, 102, 103, 104, 106, 107, 108, 109, 110, 111, 112, 113, 116, 117, 118, 126, 127, 128, 133, 134, 136, 140, 145, 147, 149, 150, 159, 160, 161, 166, 168, 169, 170, 171, 176, 177, 179, 181, 184, 187, 189, 190, 191, 194, 195, 196, 197, 199, 200, 206, 208, 209, 211, 212, 213, 215, 216, 222, 223, 10464, 225, 226, 230, 232, 233, 234, 237, 239, 4138, 4356, 266, 276, 277, 279, 283, 286, 290, 291, 2342, 295, 298, 299, 302, 304, 310, 311, 314, 317, 318, 319, 320, 333, 334, 335, 336, 337, 338, 344, 345, 346, 347, 4444, 4454, 360, 373, 375, 387, 397, 403, 4502, 4506, 412, 8855, 10925, 10926, 8945, 8946, 9062, 1059754, 1060014, 1059923, 1059925, 5297, 9407, 1060078, 224, 227, 1060295, 1060308, 10525, 10526, 3861, 3999, 4005, 4006, 4027, 4041, 4052, 4091]


len(A)=188:
[2, 7, 9, 11, 12, 14, 18, 21, 22, 25, 26, 27, 28, 32, 40, 41, 42, 47, 49, 51, 53, 55, 56, 59, 61, 65, 66, 68, 72, 73, 75, 78, 82, 86, 88, 90, 91, 98, 101, 103, 105, 106, 107, 109, 110, 111, 112, 113, 115, 116, 118, 119, 121, 122, 123, 124, 125, 129, 130, 132, 133, 134, 135, 136, 137, 139, 140, 141, 145, 149, 156, 157, 161, 164, 165, 166, 167, 168, 170, 171, 177, 181, 183, 185, 186, 187, 188, 189, 190, 191, 192, 193, 196, 198, 202, 204, 207, 208, 209, 211, 216, 220, 223, 10464, 4323, 229, 230, 231, 232, 233, 234, 236, 243, 4137, 257, 266, 273, 274, 277, 279, 281, 282, 283, 284, 285, 286, 287, 290, 291, 292, 2342, 297, 298, 302, 309, 311, 314, 315, 316, 317, 318, 319, 322, 325, 327, 328, 329, 332, 333, 334, 336, 337, 345, 346, 347, 4444, 4454, 360, 374, 377, 4477, 406, 403, 8855, 10925, 8946, 8947, 8949, 1059754, 1059796, 1059853, 1059923, 1059924, 1059965, 1060013, 1203, 1060295, 1060297, 1060307, 1642, 2339, 3861, 3872, 3998, 4004, 4006, 4052, 4091]


len(A)=189:
[4, 7, 8, 11, 12, 14, 15, 16, 18, 19, 20, 22, 25, 26, 27, 28, 30, 32, 35, 37, 45, 46, 49, 50, 52, 53, 57, 64, 73, 74, 77, 79, 80, 83, 87, 90, 96, 98, 99, 100, 101, 102, 103, 105, 106, 108, 110, 113, 114, 121, 122, 127, 128, 132, 133, 141, 146, 147, 148, 149, 150, 151, 152, 153, 156, 158, 159, 160, 162, 164, 166, 170, 171, 175, 179, 180, 182, 184, 186, 189, 190, 193, 194, 195, 197, 198, 199, 200, 201, 203, 204, 205, 208, 212, 213, 215, 216, 217, 221, 222, 223, 10464, 225, 226, 4323, 229, 231, 232, 233, 236, 238, 239, 241, 4478, 4139, 275, 276, 279, 282, 284, 285, 286, 287, 290, 292, 295, 296, 297, 298, 302, 304, 310, 311, 313, 314, 315, 316, 317, 326, 327, 328, 332, 333, 334, 335, 338, 344, 350, 361, 362, 372, 375, 377, 4477, 383, 397, 400, 403, 4506, 411, 412, 10893, 8855, 8862, 10926, 8945, 8951, 10937, 1059803, 1059823, 1060014, 1059925, 1059965, 5297, 1060078, 1060307, 1520, 1060390, 1642, 10525, 10526, 2339, 4150, 5901, 3998, 3999, 4004, 4006, 4041]


len(A)=190:
[3, 7, 10, 11, 12, 13, 14, 16, 17, 18, 20, 21, 22, 23, 24, 25, 26, 27, 28, 30, 31, 32, 33, 36, 40, 41, 43, 44, 45, 46, 47, 48, 49, 50, 54, 55, 56, 66, 67, 69, 70, 72, 73, 76, 77, 78, 81, 82, 83, 87, 88, 89, 92, 93, 94, 96, 97, 102, 103, 106, 107, 108, 113, 118, 119, 121, 125, 126, 128, 129, 132, 138, 140, 142, 143, 144, 148, 149, 153, 156, 158, 161, 162, 163, 165, 167, 168, 169, 170, 171, 172, 174, 175, 177, 181, 183, 185, 187, 189, 191, 194, 197, 200, 201, 204, 205, 206, 209, 210, 211, 213, 214, 218, 220, 222, 223, 231, 233, 236, 243, 4478, 4137, 4138, 257, 273, 275, 278, 283, 284, 286, 287, 289, 292, 293, 295, 296, 297, 299, 302, 303, 305, 310, 311, 315, 316, 317, 322, 328, 329, 333, 335, 336, 337, 344, 345, 347, 4444, 361, 373, 374, 375, 4477, 382, 387, 397, 403, 4506, 10696, 8855, 4212, 8945, 8949, 1059754, 10400, 1059853, 10417, 1059923, 1059965, 1059987, 224, 227, 1060215, 1060308, 5901, 3862, 3872, 4004, 4005, 4052, 4055]


len(A)=191:
[4, 5, 6, 8, 14, 15, 19, 20, 21, 23, 24, 25, 26, 27, 30, 31, 36, 37, 38, 40, 42, 43, 45, 47, 49, 55, 56, 57, 58, 61, 65, 67, 69, 70, 71, 78, 79, 82, 86, 89, 91, 95, 98, 99, 101, 103, 105, 106, 108, 110, 111, 112, 113, 114, 115, 118, 120, 121, 122, 126, 130, 131, 134, 135, 137, 138, 139, 141, 142, 143, 144, 145, 146, 147, 148, 150, 151, 157, 158, 162, 164, 169, 172, 175, 183, 184, 187, 194, 197, 198, 201, 202, 203, 205, 208, 209, 211, 212, 215, 217, 218, 219, 223, 225, 226, 228, 229, 231, 234, 236, 237, 238, 239, 4478, 257, 4356, 273, 274, 276, 278, 279, 283, 289, 290, 291, 2342, 295, 299, 304, 305, 311, 314, 315, 319, 322, 324, 327, 328, 329, 333, 335, 1087545, 344, 345, 350, 361, 372, 376, 377, 4477, 382, 387, 388, 391, 400, 411, 412, 8855, 8862, 10925, 8946, 8949, 8951, 10937, 1059795, 1059796, 1059803, 1059823, 1059853, 10417, 1059924, 1059925, 1059987, 5294, 5297, 1203, 1060078, 1060215, 1060295, 1060297, 1060307, 3558, 1060390, 9824, 2339, 5901, 3861, 4004, 4027, 4041, 4055]


len(A)=192:
[3, 6, 7, 10, 11, 13, 18, 22, 26, 27, 28, 29, 30, 31, 32, 33, 35, 39, 40, 43, 47, 48, 49, 52, 55, 56, 59, 63, 65, 69, 71, 73, 74, 76, 77, 79, 80, 81, 87, 88, 94, 97, 99, 100, 101, 104, 105, 107, 108, 111, 115, 117, 118, 119, 122, 123, 125, 128, 129, 130, 132, 133, 140, 145, 146, 148, 149, 150, 151, 152, 154, 156, 157, 160, 161, 163, 165, 167, 168, 169, 170, 172, 173, 174, 175, 176, 177, 178, 181, 182, 184, 186, 187, 189, 190, 191, 192, 193, 194, 197, 199, 200, 204, 205, 207, 212, 213, 217, 218, 220, 222, 228, 230, 231, 233, 234, 236, 237, 238, 239, 243, 4478, 257, 4356, 274, 277, 282, 283, 284, 285, 286, 292, 293, 298, 303, 304, 305, 310, 314, 315, 316, 317, 319, 320, 322, 324, 329, 335, 1087545, 346, 4444, 361, 362, 376, 377, 382, 383, 397, 400, 4502, 10696, 8855, 8862, 8945, 8951, 10937, 1059754, 10400, 1059796, 1059853, 1059965, 1059987, 5294, 5297, 1203, 9407, 4299, 1060295, 1060307, 1060308, 3558, 1642, 10525, 2339, 9968, 5901, 3861, 3862, 4004, 4027, 4041, 4055]


len(A)=193:
[2, 4, 8, 13, 14, 22, 23, 24, 26, 27, 28, 29, 32, 34, 35, 36, 37, 40, 41, 42, 43, 46, 49, 50, 52, 53, 55, 56, 59, 61, 64, 65, 67, 68, 70, 78, 80, 81, 82, 83, 87, 88, 89, 90, 96, 97, 99, 100, 104, 105, 106, 108, 110, 116, 119, 120, 124, 128, 129, 130, 136, 137, 138, 141, 143, 146, 149, 150, 156, 157, 160, 162, 163, 165, 166, 167, 169, 170, 172, 175, 179, 185, 186, 188, 191, 194, 200, 204, 205, 208, 209, 210, 214, 215, 216, 217, 218, 219, 220, 223, 10464, 228, 229, 231, 234, 236, 238, 4478, 4137, 257, 4139, 4356, 273, 277, 287, 288, 289, 290, 292, 293, 295, 296, 297, 298, 299, 302, 303, 304, 310, 313, 317, 318, 324, 326, 327, 328, 329, 333, 334, 336, 337, 1087545, 345, 4444, 4454, 360, 372, 373, 374, 376, 377, 387, 406, 397, 400, 4502, 411, 10687, 10696, 8855, 10926, 4212, 8933, 8945, 8947, 8949, 1059754, 1059795, 1059796, 1059803, 10417, 1059925, 1059965, 1059987, 5294, 5297, 9407, 1060078, 224, 1060215, 1060297, 1060307, 1060308, 3558, 1520, 1642, 2339, 4150, 9968, 3861, 3998, 3999, 4027]


len(A)=194:
[2, 7, 9, 11, 16, 19, 22, 25, 26, 27, 29, 30, 31, 34, 35, 36, 40, 43, 44, 45, 48, 49, 50, 54, 56, 62, 67, 69, 72, 73, 74, 76, 79, 81, 82, 83, 86, 88, 90, 91, 92, 93, 94, 96, 98, 99, 103, 104, 105, 109, 110, 114, 115, 116, 118, 121, 122, 123, 124, 125, 127, 128, 134, 135, 137, 138, 139, 140, 144, 147, 148, 149, 150, 151, 154, 161, 164, 165, 166, 169, 170, 172, 173, 176, 179, 181, 182, 183, 184, 185, 187, 188, 192, 193, 194, 195, 200, 202, 204, 206, 207, 208, 211, 213, 217, 221, 10464, 225, 226, 4323, 228, 229, 231, 234, 236, 239, 241, 243, 4478, 4137, 4138, 257, 4139, 279, 288, 291, 292, 293, 296, 297, 298, 299, 303, 304, 305, 310, 312, 316, 317, 322, 325, 327, 332, 335, 336, 337, 1087545, 346, 350, 360, 373, 374, 4477, 387, 400, 4502, 4506, 411, 412, 10687, 10696, 8841, 10893, 8855, 8862, 4212, 8946, 8947, 10937, 9062, 1059754, 10400, 1059823, 10417, 1059925, 1059965, 1059987, 1203, 9407, 1060215, 1060297, 1060307, 1060308, 3558, 1520, 1642, 2339, 4150, 3872, 3999, 4005, 4052, 4055, 4091]


len(A)=195:
[2, 3, 6, 9, 11, 12, 13, 15, 17, 19, 21, 23, 24, 26, 29, 36, 37, 38, 40, 43, 44, 45, 46, 49, 50, 51, 54, 56, 57, 59, 60, 61, 62, 63, 64, 65, 66, 68, 70, 72, 73, 76, 77, 79, 80, 82, 83, 87, 89, 92, 93, 96, 97, 98, 101, 104, 106, 112, 116, 117, 121, 122, 125, 126, 127, 129, 130, 135, 136, 137, 141, 142, 143, 144, 145, 147, 149, 150, 151, 155, 156, 158, 159, 160, 166, 167, 169, 171, 172, 174, 175, 178, 182, 183, 184, 186, 188, 192, 196, 197, 199, 202, 204, 207, 210, 213, 214, 215, 216, 220, 222, 223, 10464, 226, 229, 231, 232, 236, 239, 243, 257, 4139, 266, 273, 275, 276, 283, 284, 285, 287, 288, 290, 298, 299, 302, 303, 305, 309, 310, 311, 312, 313, 314, 322, 325, 327, 332, 346, 4444, 350, 373, 374, 375, 376, 377, 4477, 382, 388, 406, 400, 411, 8862, 10925, 8945, 8946, 8949, 8951, 10937, 9062, 1059803, 1059823, 1059853, 1059924, 1059987, 9407, 1060078, 227, 1060215, 389, 1060295, 1060297, 3558, 1060390, 2339, 4150, 9967, 9968, 3998, 3999, 4004, 4005, 4006, 4041, 4052, 4055]


len(A)=196:
[3, 4, 5, 9, 12, 13, 14, 16, 17, 19, 20, 21, 22, 23, 24, 26, 29, 31, 32, 33, 35, 38, 39, 41, 42, 43, 46, 47, 50, 51, 57, 59, 61, 63, 64, 69, 70, 72, 73, 74, 75, 81, 82, 83, 86, 87, 90, 91, 93, 94, 95, 98, 101, 105, 106, 114, 115, 120, 121, 123, 124, 125, 126, 130, 136, 137, 138, 142, 144, 145, 148, 153, 154, 155, 159, 160, 161, 163, 164, 166, 168, 170, 171, 172, 173, 175, 180, 181, 182, 183, 186, 187, 188, 189, 190, 191, 193, 194, 195, 211, 212, 213, 215, 218, 219, 221, 223, 10464, 225, 226, 4323, 228, 229, 231, 234, 236, 237, 238, 239, 241, 243, 4478, 257, 273, 274, 275, 278, 281, 284, 286, 287, 290, 291, 292, 295, 296, 297, 302, 309, 315, 325, 326, 327, 328, 329, 332, 333, 335, 336, 337, 344, 345, 347, 350, 4454, 372, 382, 383, 387, 388, 397, 403, 4506, 411, 412, 10687, 10696, 8841, 8855, 4212, 8933, 8945, 8951, 10400, 1059823, 1059923, 1059965, 1059987, 1060013, 5297, 1203, 224, 389, 1060307, 1060308, 1520, 10525, 4150, 5901, 3861, 3998, 3999, 4004, 4006, 4027, 4052]


len(A)=197:
[2, 4, 8, 9, 12, 14, 15, 17, 19, 20, 21, 23, 24, 25, 27, 28, 29, 32, 35, 36, 37, 41, 42, 43, 46, 47, 49, 53, 54, 55, 56, 57, 59, 60, 61, 62, 64, 69, 71, 78, 80, 81, 83, 88, 89, 90, 92, 95, 96, 97, 100, 101, 102, 103, 104, 107, 110, 111, 113, 115, 116, 119, 120, 124, 125, 127, 132, 133, 134, 135, 136, 137, 138, 139, 140, 142, 143, 144, 145, 146, 148, 149, 150, 151, 152, 154, 155, 156, 159, 160, 163, 164, 165, 167, 168, 171, 172, 173, 174, 175, 176, 177, 178, 181, 182, 183, 184, 186, 192, 193, 198, 206, 207, 210, 212, 215, 217, 219, 220, 221, 223, 10464, 226, 233, 237, 239, 241, 275, 276, 277, 281, 282, 283, 284, 288, 290, 292, 2342, 298, 304, 313, 317, 322, 324, 326, 327, 329, 333, 337, 1087545, 344, 345, 346, 347, 350, 374, 376, 382, 406, 397, 403, 412, 10687, 10696, 8862, 10925, 4212, 8933, 10937, 9062, 1059754, 10400, 1059803, 1059823, 1060014, 1059924, 1059925, 1060013, 5294, 1203, 4299, 1060215, 1060295, 1060297, 1060307, 1520, 1060390, 1642, 2339, 4150, 9967, 9968, 5901, 4004, 4005, 4027, 4091]


len(A)=198:
[2, 10, 11, 12, 13, 14, 15, 16, 17, 20, 24, 25, 26, 29, 30, 31, 32, 33, 34, 38, 39, 44, 45, 47, 48, 52, 55, 56, 57, 58, 59, 61, 63, 64, 66, 67, 69, 72, 74, 75, 77, 79, 80, 81, 82, 83, 86, 88, 89, 90, 91, 94, 95, 96, 97, 99, 102, 104, 105, 106, 107, 111, 113, 114, 115, 116, 119, 120, 125, 128, 129, 131, 132, 133, 142, 143, 144, 145, 148, 151, 152, 153, 154, 156, 157, 158, 161, 170, 173, 174, 176, 177, 178, 180, 185, 186, 188, 189, 190, 195, 196, 198, 203, 206, 207, 209, 210, 211, 212, 214, 216, 217, 218, 219, 221, 223, 232, 233, 236, 239, 241, 257, 4356, 266, 273, 275, 277, 279, 281, 284, 285, 286, 287, 290, 293, 297, 303, 304, 312, 316, 317, 319, 320, 322, 325, 329, 332, 334, 336, 337, 344, 345, 346, 4444, 4454, 360, 372, 373, 376, 391, 397, 400, 403, 4502, 411, 412, 10696, 10893, 8855, 10925, 10926, 8947, 8951, 10937, 9062, 1059796, 1059853, 10417, 1059923, 1059925, 1059965, 1059987, 1203, 9407, 4299, 1060078, 224, 227, 1060307, 1520, 2339, 3861, 3862, 3999, 4004, 4027, 4052, 4055]


len(A)=199:
[4, 7, 8, 11, 16, 17, 19, 21, 22, 30, 31, 32, 35, 38, 39, 42, 43, 44, 45, 46, 47, 49, 50, 51, 52, 53, 54, 55, 56, 60, 61, 62, 65, 67, 68, 69, 70, 71, 72, 73, 76, 78, 79, 82, 83, 87, 92, 95, 98, 99, 100, 103, 104, 107, 111, 112, 116, 120, 123, 126, 129, 130, 131, 135, 140, 141, 143, 148, 149, 150, 153, 154, 157, 158, 159, 160, 162, 163, 164, 166, 170, 171, 175, 178, 186, 187, 188, 192, 193, 194, 195, 196, 199, 200, 204, 205, 206, 207, 209, 210, 211, 212, 213, 215, 216, 217, 219, 221, 223, 10464, 225, 226, 228, 230, 237, 241, 243, 4478, 4137, 4356, 266, 273, 275, 282, 283, 284, 288, 290, 293, 2342, 296, 299, 302, 303, 304, 305, 316, 317, 319, 320, 325, 328, 329, 332, 334, 336, 337, 338, 1087545, 344, 347, 4444, 350, 374, 375, 376, 4477, 383, 387, 388, 391, 403, 4502, 4506, 412, 8841, 10893, 8855, 8862, 10926, 8933, 8945, 8946, 1059754, 1059803, 1059853, 1059924, 5294, 1203, 9407, 1060078, 227, 1060295, 1060308, 1060390, 9824, 2339, 5901, 3861, 3872, 3998, 3999, 4005, 4006, 4027, 4041, 4052, 4055, 4091]


len(A)=200:
[3, 4, 8, 12, 14, 15, 16, 17, 18, 22, 23, 24, 27, 28, 29, 30, 31, 32, 34, 36, 37, 38, 41, 42, 46, 47, 48, 51, 53, 54, 55, 56, 59, 60, 62, 65, 66, 68, 70, 71, 72, 77, 82, 83, 86, 87, 92, 94, 95, 99, 101, 103, 104, 105, 106, 108, 109, 110, 113, 114, 117, 119, 120, 121, 123, 124, 125, 126, 127, 128, 129, 131, 133, 140, 142, 145, 146, 147, 149, 157, 168, 169, 170, 173, 174, 175, 176, 178, 179, 180, 182, 183, 186, 189, 190, 191, 192, 194, 196, 197, 198, 201, 208, 214, 215, 217, 218, 221, 225, 226, 4323, 228, 230, 232, 236, 237, 239, 243, 4137, 257, 4356, 266, 274, 276, 278, 279, 280, 281, 284, 286, 289, 290, 291, 292, 293, 299, 303, 304, 309, 310, 313, 314, 315, 317, 318, 326, 327, 328, 332, 335, 336, 337, 1087545, 346, 4444, 350, 362, 375, 377, 4477, 382, 383, 406, 397, 400, 403, 4502, 412, 8841, 8855, 10925, 10926, 8945, 10937, 9062, 10400, 1059795, 1059796, 1059823, 1059853, 10417, 1059923, 1059924, 1059925, 1060013, 5294, 5297, 9407, 4299, 1060215, 1060307, 3558, 10525, 10526, 2339, 9967, 5901, 3862, 4006, 4041]


len(A)=201:
[3, 4, 8, 9, 11, 12, 13, 14, 15, 17, 21, 22, 23, 25, 28, 29, 31, 32, 33, 34, 38, 41, 43, 46, 53, 54, 58, 59, 62, 64, 65, 66, 67, 70, 73, 74, 75, 78, 79, 80, 82, 87, 88, 89, 91, 92, 97, 98, 99, 100, 101, 104, 106, 107, 108, 109, 111, 114, 115, 116, 117, 118, 119, 122, 125, 135, 139, 140, 144, 148, 149, 150, 152, 154, 159, 161, 162, 163, 164, 165, 166, 171, 173, 174, 175, 177, 178, 179, 180, 181, 182, 183, 185, 186, 189, 190, 191, 193, 194, 202, 204, 205, 210, 212, 214, 216, 217, 221, 223, 10464, 225, 226, 4323, 228, 229, 230, 231, 232, 237, 238, 243, 4478, 4137, 4138, 4356, 273, 274, 275, 276, 277, 278, 279, 280, 281, 282, 283, 285, 287, 289, 291, 2342, 296, 297, 299, 309, 311, 314, 316, 322, 324, 329, 332, 336, 345, 347, 361, 375, 376, 383, 388, 406, 391, 397, 403, 4502, 411, 10687, 10696, 8841, 10925, 10926, 4212, 8945, 8946, 10937, 9062, 1059754, 10400, 1059796, 1060014, 1059923, 1059925, 1060013, 5294, 5297, 9407, 4299, 224, 227, 1060215, 1060297, 3558, 10526, 2339, 4150, 9967, 5901, 3861, 3998, 4006, 4052]


len(A)=202:
[4, 6, 8, 9, 10, 11, 12, 13, 16, 22, 23, 24, 27, 28, 29, 30, 34, 35, 41, 43, 44, 46, 47, 52, 53, 57, 62, 63, 66, 68, 69, 71, 73, 76, 77, 81, 82, 86, 88, 91, 93, 94, 95, 98, 100, 101, 102, 106, 107, 108, 109, 110, 111, 112, 113, 115, 116, 118, 119, 120, 123, 124, 125, 128, 129, 132, 133, 134, 135, 137, 138, 140, 141, 142, 143, 144, 145, 150, 154, 155, 160, 163, 164, 166, 170, 171, 175, 177, 178, 179, 184, 185, 186, 187, 188, 189, 190, 192, 194, 195, 198, 202, 203, 205, 207, 215, 217, 219, 222, 226, 228, 229, 232, 238, 241, 257, 4356, 266, 273, 274, 275, 277, 278, 281, 283, 287, 288, 289, 290, 291, 293, 295, 297, 298, 299, 302, 303, 304, 305, 309, 310, 311, 312, 315, 318, 319, 320, 324, 326, 327, 329, 333, 335, 336, 337, 338, 344, 347, 350, 4454, 360, 361, 374, 4477, 382, 383, 387, 406, 4502, 4506, 10687, 8855, 10925, 4212, 8947, 8951, 9062, 1059823, 1059923, 1059924, 1059987, 9407, 4299, 1060297, 3558, 1520, 1060390, 9824, 1642, 10525, 2339, 9967, 9968, 5901, 3861, 3999, 4004, 4005, 4027, 4041, 4055, 4091]


len(A)=203:
[7, 8, 9, 10, 11, 14, 15, 17, 27, 28, 31, 33, 34, 35, 38, 40, 41, 42, 43, 44, 47, 49, 50, 53, 55, 56, 57, 59, 63, 66, 67, 73, 74, 77, 79, 81, 89, 91, 92, 93, 95, 96, 97, 99, 100, 102, 104, 107, 108, 109, 110, 111, 112, 113, 114, 116, 119, 120, 121, 125, 127, 128, 129, 130, 132, 137, 142, 144, 145, 146, 154, 156, 161, 162, 165, 167, 168, 169, 171, 172, 175, 181, 183, 186, 187, 189, 192, 194, 196, 200, 201, 204, 205, 209, 210, 211, 214, 216, 217, 218, 219, 220, 221, 10464, 4323, 229, 230, 231, 233, 234, 236, 237, 238, 239, 241, 4478, 4139, 4356, 276, 277, 279, 284, 286, 288, 290, 293, 2342, 297, 298, 302, 303, 304, 309, 313, 315, 316, 319, 320, 326, 328, 332, 333, 335, 336, 338, 1087545, 344, 346, 4444, 360, 361, 373, 374, 375, 376, 382, 383, 388, 391, 397, 403, 4502, 411, 412, 10687, 10696, 8841, 8855, 8862, 8933, 8949, 10937, 1059754, 10400, 1059795, 1059796, 1059823, 10417, 1059987, 5297, 9407, 1060078, 224, 227, 1060215, 389, 1060297, 1060308, 3558, 1060390, 9824, 1642, 10525, 10526, 2339, 4150, 5901, 3999, 4005, 4006, 4027, 4052, 4091]


len(A)=204:
[2, 4, 5, 6, 7, 8, 9, 10, 11, 12, 13, 15, 16, 18, 21, 22, 25, 26, 27, 28, 29, 30, 31, 32, 33, 36, 37, 39, 40, 44, 45, 48, 50, 51, 55, 57, 58, 61, 66, 67, 69, 70, 74, 75, 77, 78, 80, 83, 88, 89, 93, 100, 102, 107, 108, 110, 113, 114, 115, 117, 120, 131, 132, 133, 135, 136, 137, 139, 142, 151, 152, 153, 154, 155, 158, 159, 160, 161, 162, 166, 167, 168, 169, 170, 172, 177, 178, 183, 184, 187, 188, 189, 195, 196, 199, 200, 201, 203, 204, 206, 208, 209, 210, 211, 213, 216, 217, 218, 219, 223, 10464, 225, 226, 228, 229, 231, 232, 233, 241, 243, 4138, 4356, 266, 274, 281, 283, 284, 287, 288, 289, 290, 292, 293, 295, 296, 298, 299, 303, 312, 313, 314, 316, 318, 320, 322, 325, 329, 332, 333, 335, 337, 1087545, 346, 350, 4454, 372, 373, 376, 377, 4477, 382, 383, 388, 397, 403, 4502, 4506, 10696, 10893, 8862, 10925, 8947, 8951, 10937, 10400, 1059796, 1059803, 1059853, 1060014, 10417, 1059923, 1059924, 1059925, 5297, 9407, 4299, 1060078, 224, 1060297, 1060308, 3558, 1520, 1642, 10525, 2339, 9968, 5901, 3862, 3999, 4004, 4041, 4052, 4055, 4091]


len(A)=205:
[5, 9, 11, 12, 14, 15, 17, 19, 24, 26, 27, 28, 30, 31, 32, 33, 34, 38, 39, 41, 42, 44, 46, 47, 48, 50, 51, 52, 53, 54, 56, 57, 58, 59, 60, 66, 69, 70, 71, 72, 76, 79, 81, 82, 83, 87, 88, 92, 96, 100, 104, 105, 106, 107, 108, 113, 116, 117, 118, 120, 121, 126, 127, 128, 130, 132, 134, 137, 138, 141, 142, 146, 147, 149, 151, 152, 153, 154, 161, 165, 166, 168, 169, 170, 172, 175, 176, 177, 178, 179, 181, 184, 187, 189, 190, 191, 193, 195, 198, 199, 201, 202, 204, 210, 213, 214, 218, 220, 221, 10464, 225, 231, 234, 236, 237, 238, 239, 241, 243, 4478, 4137, 4138, 4356, 275, 276, 279, 281, 282, 283, 285, 286, 290, 292, 299, 302, 303, 305, 310, 312, 313, 315, 317, 319, 320, 324, 325, 326, 327, 328, 334, 335, 336, 1087545, 346, 350, 4454, 372, 375, 377, 406, 391, 397, 403, 4506, 412, 8841, 8862, 10925, 8933, 8945, 8947, 10937, 9062, 1059754, 10400, 1059795, 1059803, 1059823, 1060014, 10417, 1059924, 1059965, 1059987, 5294, 9407, 1060078, 224, 389, 1060295, 1060297, 1060307, 1060308, 3558, 1520, 1060390, 9824, 1642, 2339, 4150, 3862, 3999, 4041, 4052, 4055, 4091]


len(A)=206:
[2, 3, 5, 10, 11, 12, 13, 14, 15, 17, 18, 19, 22, 23, 28, 34, 37, 38, 41, 42, 44, 45, 47, 48, 51, 52, 54, 58, 62, 63, 65, 67, 69, 71, 73, 74, 75, 78, 79, 83, 86, 87, 89, 90, 91, 95, 98, 99, 101, 102, 103, 104, 105, 106, 107, 108, 111, 113, 114, 116, 118, 120, 121, 124, 125, 128, 129, 132, 135, 138, 141, 144, 147, 148, 150, 152, 153, 154, 157, 158, 161, 163, 164, 167, 169, 172, 174, 175, 182, 184, 189, 190, 194, 196, 199, 200, 202, 204, 206, 207, 208, 214, 221, 225, 4323, 228, 229, 231, 232, 236, 238, 239, 4478, 4137, 4138, 257, 4356, 275, 276, 281, 284, 287, 289, 290, 291, 292, 293, 299, 305, 310, 311, 315, 316, 318, 320, 325, 327, 328, 329, 333, 334, 335, 336, 337, 338, 1087545, 344, 345, 346, 347, 360, 361, 362, 372, 373, 375, 376, 377, 4477, 382, 383, 388, 406, 391, 397, 400, 4502, 411, 412, 8841, 8855, 8862, 4212, 8946, 8949, 8951, 10937, 9062, 1059754, 1059796, 1059803, 1059853, 10417, 1060013, 5294, 1203, 9407, 1060078, 1060215, 389, 1060297, 1520, 1060390, 1642, 10525, 2339, 9967, 9968, 3862, 3998, 3999, 4004, 4006, 4041, 4052, 4055]


len(A)=207:
[2, 6, 9, 10, 11, 14, 15, 16, 18, 21, 25, 28, 29, 31, 32, 33, 34, 38, 39, 40, 42, 43, 47, 52, 53, 54, 59, 60, 64, 65, 66, 68, 69, 71, 72, 74, 78, 79, 80, 81, 83, 86, 87, 90, 93, 94, 95, 97, 101, 102, 103, 105, 108, 110, 111, 112, 113, 118, 121, 122, 123, 124, 126, 127, 129, 130, 131, 132, 134, 135, 137, 142, 143, 146, 148, 150, 152, 153, 154, 155, 157, 163, 165, 167, 168, 169, 171, 172, 177, 179, 182, 184, 185, 186, 187, 189, 190, 192, 193, 199, 203, 205, 206, 207, 209, 210, 211, 212, 214, 215, 216, 217, 218, 219, 223, 4323, 228, 230, 232, 233, 236, 239, 241, 4478, 257, 4139, 4356, 266, 274, 277, 278, 279, 280, 281, 283, 288, 291, 292, 293, 302, 309, 310, 311, 315, 318, 325, 326, 332, 333, 334, 337, 338, 344, 345, 346, 350, 4454, 360, 361, 372, 374, 377, 4477, 382, 406, 403, 4502, 412, 10687, 10696, 10893, 8862, 8949, 9062, 1059754, 10400, 1059803, 1060014, 10417, 1059923, 1059924, 1059925, 1059987, 1060013, 5294, 1203, 9407, 4299, 1060078, 224, 1060295, 1060307, 3558, 1520, 1060390, 9824, 10526, 2339, 4150, 9968, 5901, 3862, 3998, 3999, 4004, 4055, 4091]


len(A)=208:
[4, 6, 7, 10, 12, 14, 17, 22, 23, 25, 28, 31, 33, 34, 36, 41, 43, 44, 45, 46, 47, 51, 52, 53, 55, 57, 59, 62, 65, 67, 68, 69, 70, 77, 78, 79, 83, 89, 90, 93, 95, 96, 97, 100, 101, 102, 104, 105, 106, 107, 112, 118, 119, 122, 123, 124, 125, 128, 129, 130, 132, 133, 135, 136, 138, 139, 140, 141, 142, 143, 144, 145, 149, 151, 152, 157, 160, 161, 162, 164, 167, 168, 169, 172, 173, 174, 175, 176, 178, 179, 184, 186, 190, 198, 199, 205, 213, 216, 217, 218, 219, 220, 222, 223, 225, 226, 4323, 228, 229, 232, 236, 237, 238, 239, 243, 4478, 4138, 4356, 273, 274, 275, 276, 278, 279, 281, 283, 284, 287, 288, 289, 291, 296, 297, 302, 311, 312, 313, 316, 317, 320, 327, 333, 334, 335, 336, 1087545, 344, 346, 347, 4444, 4454, 361, 362, 372, 373, 374, 375, 376, 4477, 382, 387, 391, 397, 400, 403, 4506, 8841, 8855, 4212, 8945, 8947, 8951, 10937, 9062, 10400, 1059795, 1059823, 1060014, 10417, 1060013, 5294, 5297, 1203, 9407, 4299, 1060078, 227, 1060215, 1060295, 1060297, 1060307, 1060308, 1520, 9824, 1642, 10525, 10526, 2339, 5901, 3861, 3862, 3998, 3999, 4005, 4041, 4052, 4055, 4091]


len(A)=209:
[9, 10, 12, 13, 15, 18, 19, 20, 22, 24, 25, 26, 27, 28, 29, 31, 33, 34, 35, 37, 38, 41, 46, 47, 49, 53, 57, 58, 60, 61, 64, 66, 68, 70, 73, 78, 79, 81, 83, 86, 87, 89, 91, 92, 94, 96, 97, 98, 99, 100, 101, 103, 105, 108, 109, 113, 114, 115, 117, 118, 121, 123, 127, 128, 131, 133, 136, 137, 138, 141, 142, 143, 144, 146, 149, 151, 155, 156, 158, 163, 164, 165, 166, 167, 169, 172, 173, 177, 178, 180, 183, 184, 186, 188, 191, 192, 194, 195, 197, 198, 200, 201, 202, 203, 207, 213, 217, 218, 219, 220, 4323, 228, 230, 232, 233, 234, 237, 238, 239, 241, 4478, 257, 4139, 4356, 266, 277, 278, 281, 282, 283, 284, 292, 295, 297, 298, 302, 309, 310, 313, 315, 317, 322, 325, 326, 328, 333, 337, 338, 1087545, 344, 4444, 350, 4454, 361, 362, 372, 376, 377, 382, 387, 406, 391, 397, 403, 4506, 8841, 10893, 8855, 8862, 10925, 10926, 4212, 8933, 8945, 8947, 10937, 10400, 1059795, 1059796, 1059803, 1059823, 1060014, 1059923, 1059925, 1059965, 1059987, 1060013, 5294, 1203, 4299, 1060078, 224, 227, 1060215, 389, 1060307, 1060308, 3558, 1060390, 4150, 9968, 3998, 3999, 4004, 4005, 4006, 4052, 4055, 4091]


len(A)=210:
[2, 3, 4, 12, 13, 14, 16, 17, 18, 20, 21, 25, 26, 33, 36, 40, 41, 42, 43, 46, 50, 55, 59, 61, 62, 64, 66, 73, 76, 78, 81, 82, 83, 86, 87, 91, 92, 96, 99, 103, 104, 108, 109, 112, 114, 115, 116, 118, 119, 122, 123, 127, 128, 129, 131, 133, 136, 139, 140, 141, 143, 145, 146, 147, 152, 155, 157, 159, 161, 162, 163, 164, 165, 170, 173, 174, 177, 178, 179, 180, 182, 185, 186, 188, 189, 190, 191, 192, 196, 198, 199, 200, 203, 204, 206, 207, 208, 210, 211, 213, 215, 217, 220, 221, 222, 226, 228, 229, 232, 233, 234, 237, 239, 241, 243, 4478, 4356, 266, 273, 274, 275, 276, 280, 281, 282, 284, 286, 287, 289, 291, 292, 293, 2342, 297, 298, 302, 305, 309, 311, 312, 313, 316, 318, 320, 322, 327, 328, 332, 333, 335, 337, 345, 347, 4444, 350, 4454, 360, 362, 372, 373, 374, 375, 376, 4477, 383, 388, 391, 4502, 4506, 10687, 10696, 10926, 4212, 8933, 8945, 8946, 8949, 8951, 10937, 9062, 10400, 1059796, 1059803, 1059853, 1060014, 10417, 1059924, 1059925, 1059987, 1060013, 1203, 4299, 227, 1060215, 1060297, 3558, 1520, 1060390, 4150, 9967, 9968, 5901, 3861, 3872, 3999, 4006, 4041, 4052, 4055, 4091]


len(A)=211:
[2, 3, 4, 7, 10, 11, 12, 13, 14, 16, 17, 18, 19, 21, 23, 24, 27, 28, 32, 33, 34, 38, 40, 42, 44, 45, 47, 49, 50, 51, 55, 60, 61, 62, 66, 75, 78, 79, 80, 82, 83, 86, 88, 89, 95, 96, 98, 99, 102, 107, 114, 115, 116, 117, 119, 121, 122, 123, 127, 130, 132, 133, 134, 136, 139, 140, 145, 151, 153, 155, 156, 159, 160, 162, 164, 166, 167, 168, 169, 171, 172, 174, 175, 180, 181, 182, 183, 184, 185, 187, 189, 190, 195, 198, 199, 201, 204, 205, 207, 208, 210, 213, 215, 217, 219, 225, 226, 232, 233, 234, 237, 239, 4137, 4138, 257, 4139, 266, 273, 274, 277, 278, 280, 281, 282, 283, 285, 288, 289, 292, 2342, 297, 299, 302, 303, 304, 309, 310, 311, 313, 314, 315, 318, 319, 320, 322, 324, 326, 327, 329, 332, 333, 334, 335, 336, 337, 344, 361, 362, 374, 376, 377, 4477, 383, 388, 406, 391, 400, 4502, 412, 10687, 10696, 8841, 10893, 8862, 10926, 4212, 8933, 8946, 8949, 8951, 10400, 1060014, 10417, 1059923, 1059924, 1059925, 1059987, 1203, 9407, 1060078, 224, 1060215, 389, 1060295, 3558, 1520, 9824, 10526, 4150, 9967, 5901, 3861, 3862, 3872, 3998, 4004, 4006, 4041, 4052, 4055, 4091]


len(A)=212:
[2, 3, 5, 6, 8, 10, 11, 15, 16, 19, 27, 28, 29, 33, 35, 36, 37, 38, 40, 41, 42, 43, 45, 46, 47, 49, 52, 53, 54, 55, 56, 57, 58, 60, 61, 66, 67, 68, 69, 71, 74, 76, 78, 79, 80, 83, 86, 92, 93, 96, 98, 100, 103, 104, 105, 106, 112, 114, 115, 119, 120, 121, 122, 124, 126, 128, 129, 137, 138, 139, 143, 145, 147, 148, 151, 155, 156, 159, 161, 162, 163, 164, 165, 167, 168, 172, 173, 174, 175, 177, 179, 181, 182, 184, 186, 188, 189, 191, 193, 194, 196, 197, 201, 202, 204, 208, 210, 212, 213, 220, 223, 10464, 225, 4323, 228, 232, 233, 237, 274, 279, 280, 281, 283, 284, 285, 289, 291, 293, 297, 298, 299, 302, 305, 311, 313, 314, 316, 317, 318, 319, 320, 322, 326, 327, 328, 329, 332, 333, 334, 335, 336, 337, 1087545, 344, 346, 347, 4444, 350, 4454, 360, 362, 372, 374, 375, 4477, 382, 383, 388, 406, 391, 4502, 10687, 8841, 10893, 8855, 8862, 10926, 4212, 8933, 8945, 8949, 10937, 9062, 1059754, 1059795, 1059796, 1059853, 1060014, 1059924, 1059965, 1060013, 5297, 9407, 4299, 1060078, 224, 389, 1060295, 1060297, 1060308, 3558, 1520, 9824, 10525, 9968, 5901, 3872, 3998, 3999, 4006, 4027, 4041]


len(A)=213:
[2, 3, 5, 9, 10, 13, 15, 17, 19, 21, 24, 25, 26, 29, 32, 35, 38, 40, 41, 42, 43, 45, 47, 48, 53, 54, 55, 57, 58, 64, 66, 72, 73, 74, 76, 77, 78, 79, 80, 82, 83, 86, 88, 89, 90, 93, 95, 98, 99, 102, 103, 106, 110, 114, 116, 119, 120, 121, 123, 124, 125, 130, 131, 132, 133, 134, 135, 137, 138, 140, 143, 145, 146, 147, 148, 151, 152, 155, 157, 162, 164, 167, 169, 170, 172, 173, 174, 176, 177, 178, 179, 180, 181, 183, 185, 186, 187, 188, 189, 192, 195, 196, 198, 199, 201, 202, 203, 207, 208, 217, 218, 225, 229, 233, 234, 236, 237, 238, 239, 243, 4478, 4137, 257, 275, 279, 281, 282, 283, 284, 285, 287, 290, 293, 295, 296, 299, 302, 303, 304, 311, 312, 314, 316, 319, 322, 325, 326, 327, 329, 333, 334, 335, 336, 337, 338, 344, 345, 346, 347, 4454, 360, 361, 362, 375, 376, 377, 4477, 382, 383, 387, 388, 406, 4502, 4506, 412, 10696, 10893, 10925, 10926, 8933, 8946, 8947, 8951, 10937, 1059754, 10400, 1059803, 10417, 1059923, 1059987, 5297, 9407, 1060078, 1060215, 389, 1060295, 1060307, 1060308, 3558, 1520, 1060390, 9824, 1642, 10525, 9968, 3861, 3862, 3872, 3999, 4004, 4005, 4055, 4091]


len(A)=214:
[5, 6, 8, 9, 10, 11, 13, 15, 16, 17, 20, 27, 28, 30, 32, 33, 35, 41, 42, 43, 44, 45, 49, 50, 52, 54, 55, 58, 61, 63, 64, 67, 69, 72, 73, 74, 75, 78, 80, 89, 91, 92, 95, 100, 102, 109, 110, 111, 114, 118, 121, 122, 123, 125, 128, 131, 132, 133, 135, 137, 139, 144, 145, 147, 151, 152, 153, 161, 162, 163, 164, 165, 166, 167, 169, 170, 171, 172, 173, 174, 177, 178, 179, 180, 183, 186, 188, 189, 190, 192, 193, 197, 198, 199, 201, 202, 203, 204, 205, 206, 207, 209, 210, 212, 213, 215, 216, 220, 221, 228, 229, 230, 238, 239, 241, 243, 4478, 4138, 266, 273, 274, 279, 280, 283, 285, 286, 287, 288, 289, 290, 292, 297, 299, 302, 305, 309, 311, 312, 315, 316, 318, 320, 322, 324, 325, 327, 328, 337, 338, 346, 347, 350, 360, 362, 372, 374, 375, 376, 382, 383, 387, 406, 391, 397, 400, 403, 4506, 10687, 8841, 10893, 10925, 4212, 8945, 8951, 10937, 1059754, 10400, 1059795, 1059796, 1059803, 1059823, 1059853, 1060014, 1059923, 1059925, 1059965, 1059987, 1060013, 5294, 5297, 9407, 4299, 224, 1060215, 389, 1060295, 1060297, 1060307, 1060308, 1642, 10525, 10526, 4150, 9967, 9968, 3861, 3872, 3998, 3999, 4005, 4006, 4027, 4041, 4091]


