0.33333333333333331
0.20000000000000001
0.14285714285714285
0.1111111111111111
0.090909090909090912
0.076923076923076927
0.066666666666666666
0.0
0.052631578947368418
0.0
0.032258064516129031
0.043478260869565216
0.040000000000000001
0.055555555555555552
0.027027027027027029
0.066666666666666666
0.058823529411764705
0.085714285714285715
0.047619047619047616
0.086956521739130432
0.066666666666666666
0.090909090909090912
0.076923076923076927
0.086956521739130432
0.10344827586206896
0.10000000000000001
0.10344827586206896
0.12280701754385964
0.1076923076923077
0.12121212121212122
0.1388888888888889
0.1388888888888889
0.11392405063291139
0.13924050632911392
0.14942528735632185
0.14606741573033707
0.16853932584269662
0.18072289156626506
0.12643678160919541
0.16129032258064516
0.10204081632653061
0.18518518518518517
0.17525773195876287
0.19191919191919191
0.14018691588785046
0.17757009345794392
0.17894736842105263
0.64253393665158376
0.57549234135667393
0.62068965517241381
0.57456140350877194
0.5448577680525164
0.59745762711864403
0.52765957446808509
0.54782608695652169
0.52608695652173909
0.51752577319587634
0.51037344398340245
0.51851851851851849
0.49609375
0.47410358565737054
0.49514563106796117
0.49898989898989898
0.4951830443159923
0.48919449901768175
0.4859437751004016
0.47758284600389861
0.47091932457786118
0.49011857707509882
0.46845124282982792
0.48496240601503759
0.47912524850894633
0.46946564885496184
0.4713493530499076
0.46788990825688076
0.45283018867924529
0.45522388059701491
0.43580470162748641
0.45488029465930019
0.44727272727272727
0.44751381215469616
0.42908438061041293
0.44954128440366975
0.41981981981981981
0.44144144144144143
0.42133815551537068
0.44144144144144143
0.42602495543672014
0.42754919499105548
0.43626570915619389
0.41992882562277578
0.43828264758497315
0.44086021505376344
0.43970315398886828
0.44128113879003561
0.45098039215686275
0.45714285714285713
0.45027124773960214
0.45907473309608543
0.46167557932263814
0.46570397111913359
0.45421903052064633
0.51601423487544484
0.49110320284697506
0.49642857142857144
