-0.00189208984375
-0.001373291015625
-0.0005035400390625
-0.00067901611328125
0.000270843505859375
0.001644134521484375
0.00055694580078125
-0.00023651123046875
0.00020599365234375
-0.0003509521484375
-0.00115966796875
-0.0030364990234375
-0.00254058837890625
-0.00179290771484375
0.001129150390625
0.001922607421875
0.0010471343994140625
-0.0023345947265625
0.0046539306640625
-0.0032958984375
-0.000904083251953125
0.0006732940673828125
0.00193023681640625
-0.000244140625
0.0022125244140625
0.00299072265625
0.00048828125
0.001800537109375
-0.0033416748046875
0.00392913818359375
0.00058746337890625
0.001007080078125
-0.0015869140625
0.003936767578125
7.62939453125e-05
-0.00247955322265625
0.0003204345703125
-0.000274658203125
0.00205230712890625
-0.0023193359375
-0.0005950927734375
0.0015869140625
0.001190185546875
0.00299072265625
-0.000545501708984375
0.001708984375
-5.340576171875e-05
-0.00052642822265625
0.002475738525390625
-0.001312255859375
0.00057220458984375
-0.0011653900146484375
0.00055694580078125
0.00162506103515625
-0.000484466552734375
0.0004138946533203125
0.002105712890625
-0.0013275146484375
0.00020599365234375
0.000217437744140625
0.001190185546875
0.0003814697265625
-0.00075531005859375
0.00222015380859375
0.0011138916015625
0.0005340576171875
0.0005950927734375
2.6702880859375e-05
-8.0108642578125e-05
-1.1444091796875e-05
-0.000751495361328125
0.000152587890625
-0.0003662109375
0.0008487701416015625
-0.00148773193359375
0.0009918212890625
-0.00153350830078125
-0.000522613525390625
0.000247955322265625
-0.0006256103515625
0.00029850006103515625
-0.0013885498046875
0.000823974609375
0.000324249267578125
0.00274658203125
0.000171661376953125
-0.00130462646484375
-0.00213623046875
-0.0016326904296875
-0.000194549560546875
-0.00211334228515625
0.00360107421875
-0.001495361328125
-0.0013580322265625
-0.000583648681640625
0.00238800048828125
-0.0022430419921875
-0.000148773193359375
-0.00080394744873046875
-0.0005855560302734375
0.000713348388671875
0.0008697509765625
-0.00347137451171875
-0.000537872314453125
0.001861572265625
-0.002410888671875
-0.00067138671875
-0.0001659393310546875
-0.00201416015625
-0.00118255615234375
0.004852294921875
0.00075531005859375
-0.0008392333984375
0.0005035400390625
0.0024566650390625
-0.000110626220703125
0.00031280517578125
9.1552734375e-05
-0.0014190673828125
0.00139617919921875
-0.00054931640625
0.00058746337890625
0.00222015380859375
-0.0009918212890625
0.000461578369140625
0.00022125244140625
-0.0006256103515625
0.00054931640625
-0.000720977783203125
-0.000934600830078125
0.000843048095703125
0.0010833740234375
0.000629425048828125
-0.00083160400390625
-0.0010356903076171875
0.00018310546875
0.00081634521484375
-0.00048828125
0.000324249267578125
0.001194000244140625
0.0014495849609375
-0.00090789794921875
0.0003509521484375
0.00139617919921875
-0.0024566650390625
-0.00511932373046875
0.0046539306640625
-0.00323486328125
-0.00183868408203125
0.00106048583984375
-0.00078582763671875
0.0002593994140625
0.0013535022735595703
0.00096893310546875
0.00214385986328125
-0.00077056884765625
0.00396728515625
0.001007080078125
-0.002166748046875
-0.001922607421875
0.00333404541015625
-1.239776611328125e-05
-0.0017547607421875
-0.0035247802734375
-0.00136566162109375
0.00351715087890625
0.002407073974609375
-0.000762939453125
0.00141143798828125
-0.0006561279296875
0.000823974609375
-0.003570556640625
-7.62939453125e-06
-0.00136566162109375
0.002410888671875
0.000396728515625
-0.000720977783203125
0.00077056884765625
-0.00203704833984375
0.000148773193359375
0.000873565673828125
-0.0024566650390625
-0.002960205078125
0.00095367431640625
0.000400543212890625
0.0004425048828125
0.0004138946533203125
0.001140594482421875
-3.528594970703125e-05
-0.001819610595703125
0.00154876708984375
0.000461578369140625
-0.0016021728515625
0.00083160400390625
0.0009002685546875
0.00267791748046875
0.000560760498046875
0.001163482666015625
0.001293182373046875
-0.00038909912109375
0.0012664794921875
-0.0023040771484375
-0.000885009765625
0.00081634521484375
-0.00090789794921875
-0.00170135498046875
0.0020751953125
0.00018310546875
-0.000537872314453125
-0.00040435791015625
-0.0019073486328125
-0.002593994140625
-0.0036773681640625
0.000362396240234375
0.000640869140625
-0.00115203857421875
0.0010528564453125
-0.000652313232421875
-0.00286865234375
-0.002201080322265625
-0.0001068115234375
-0.000141143798828125
0.0013580322265625
0.0018157958984375
0.0016632080078125
0.002777099609375
0.0006885528564453125
0.00096893310546875
-0.000484466552734375
0.0019073486328125
0.00201416015625
-0.00109100341796875
0.00321197509765625
0.000270843505859375
0.0006656646728515625
-0.00138092041015625
-0.0053863525390625
-0.0009613037109375
-3.814697265625e-05
-0.00023365020751953125
-0.00244903564453125
-0.000408172607421875
-0.002330780029296875
-0.0001373291015625
0.00147247314453125
-0.0009326934814453125
-0.001708984375
-0.0002288818359375
0.0023040771484375
0.0006561279296875
-8.392333984375e-05
-0.0012359619140625
-0.0010528564453125
0.0005950927734375
0.000232696533203125
0.00063323974609375
-0.0021209716796875
0.0004367828369140625
0.0008258819580078125
-0.001041412353515625
0.00457763671875
0.0021266937255859375
-0.00048065185546875
-0.001190185546875
0.001659393310546875
-0.0012421607971191406
-0.0005645751953125
-0.0009975433349609375
-0.001373291015625
0.00131988525390625
0.002044677734375
-0.0025177001953125
-0.00070953369140625
0.00038814544677734375
0.00139617919921875
-0.0034332275390625
0.000400543212890625
0.0028839111328125
-0.000270843505859375
-0.00067138671875
0.000701904296875
0.002197265625
-0.001270294189453125
-0.00124359130859375
-0.00112152099609375
0.00093841552734375
0.00231170654296875
0.0018157958984375
0.002166748046875
0.0031585693359375
0.001323699951171875
0.003448486328125
0.000858306884765625
-0.001220703125
0.000377655029296875
0.000274658203125
0.0025177001953125
0.0012969970703125
0.0008068084716796875
0.000316619873046875
-0.00078582763671875
-0.000263214111328125
-0.00213623046875
0.003246307373046875
0.001983642578125
-0.00046539306640625
-0.000335693359375
-0.00060272216796875
-0.00051116943359375
1.52587890625e-05
1.52587890625e-05
0.00087738037109375
0.0041351318359375
-0.003662109375
0.0006866455078125
-0.0010223388671875
-0.0003032684326171875
0.00127410888671875
-0.0008068084716796875
-0.00048828125
-0.001800537109375
-0.00034427642822265625
0.00095367431640625
0.0002422332763671875
-0.001041412353515625
-9.1552734375e-05
-0.000881195068359375
-0.002063751220703125
-0.00243377685546875
0.00026702880859375
0.001895904541015625
0.00012969970703125
0.000453948974609375
0.00017547607421875
0.00104522705078125
0.001613616943359375
0.0001373291015625
6.866455078125e-05
0.001739501953125
-0.00041961669921875
0.00506591796875
-0.002086639404296875
0.00083160400390625
-0.00258636474609375
-0.001956939697265625
0.0019989013671875
0.00101470947265625
-0.0003509521484375
0.00279998779296875
0.003509521484375
-0.0024261474609375
-0.001003265380859375
-0.00067901611328125
-0.000759124755859375
0.0019989013671875
-0.00103759765625
-0.00055694580078125
0.0001068115234375
-0.0018157958984375
-0.00058746337890625
-0.0017261505126953125
0.00289154052734375
-0.00054931640625
-0.0020904541015625
-0.0013427734375
0.000156402587890625
0.001605987548828125
-0.0010223388671875
-0.00116729736328125
-0.0015411376953125
-0.00012969970703125
0.00197601318359375
-0.00035858154296875
0.0003662109375
-0.0006866455078125
-0.0038604736328125
0.00022125244140625
0.00077056884765625
-0.001129150390625
-0.00027751922607421875
-0.001186370849609375
-0.00157928466796875
0.000335693359375
-0.0012302398681640625
-0.0033111572265625
-0.0013561248779296875
-0.00055694580078125
0.00086212158203125
0.00026702880859375
0.00171661376953125
-0.0003204345703125
0.00103759765625
0.002445220947265625
0.00211334228515625
-0.00255584716796875
-0.00018310546875
-0.00128173828125
-0.00058746337890625
-0.0029449462890625
-0.00339508056640625
-0.0009765625
0.000652313232421875
-0.0006866455078125
-0.0001583099365234375
-0.001220703125
0.00397491455078125
0.0010986328125
1.9073486328125e-06
6.866455078125e-05
0.0010833740234375
-0.0014190673828125
0.0008544921875
-0.00128173828125
-0.0008392333984375
0.000518798828125
3.4332275390625e-05
-0.0006351470947265625
0.00196075439453125
0.0009918212890625
-0.003448486328125
-3.4332275390625e-05
0.000865936279296875
-0.0008697509765625
-0.000885009765625
0.00078582763671875
0.00055694580078125
-0.00016021728515625
-0.0006866455078125
-0.00058746337890625
-0.00217437744140625
0.002838134765625
-0.000946044921875
-9.918212890625e-05
0.00077056884765625
0.000835418701171875
-0.001495361328125
0.0008983612060546875
-0.00103759765625
-0.000553131103515625
-0.0001220703125
-0.0004119873046875
-0.0018157958984375
0.0010223388671875
-0.00069427490234375
-0.000835418701171875
-0.00089359283447265625
0.000263214111328125
-0.00295257568359375
-4.5299530029296875e-05
-0.00035858154296875
-7.2479248046875e-05
0.0005970001220703125
-0.000751495361328125
-0.0017547607421875
0.0007781982421875
-0.002349853515625
0.0005035400390625
0.00171661376953125
-0.00066089630126953125
-0.002651214599609375
0.0001373291015625
0.0013103485107421875
0.000713348388671875
0.001129150390625
-0.00048065185546875
-0.000247955322265625
0.000179290771484375
0.0004425048828125
-0.00079345703125
-0.0002899169921875
-0.0030364990234375
0.00140380859375
-0.000579833984375
0.00278472900390625
-0.002445220947265625
0.0010528564453125
0.0007781982421875
0.00264739990234375
0.0010738372802734375
-0.000621795654296875
-0.00066375732421875
0.0019378662109375
0.00018310546875
-0.002899169921875
0.002471923828125
-0.000514984130859375
0.00069522857666015625
0.001983642578125
-0.000583648681640625
3.814697265625e-06
-0.00019359588623046875
-0.0003509521484375
-0.0064849853515625
0.00165557861328125
0.00061798095703125
0.00080108642578125
0.0030975341796875
-0.00031280517578125
7.43865966796875e-05
-0.000823974609375
-0.0013885498046875
0.00113677978515625
0.00064849853515625
0.0019989013671875
0.00109100341796875
-0.00077009201049804688
0.000644683837890625
9.34600830078125e-05
0.0011444091796875
-0.00014495849609375
-2.288818359375e-05
0.000377655029296875
-0.0004253387451171875
0.00141143798828125
0.002368927001953125
-0.00118255615234375
-0.000507354736328125
-0.000247955322265625
-0.00151824951171875
0.00168609619140625
-0.00145721435546875
0.000614166259765625
-0.00011444091796875
-0.00107574462890625
-0.00014495849609375
0.00237274169921875
-0.000705718994140625
-0.0013580322265625
-0.002105712890625
-0.001384735107421875
-0.0019626617431640625
-0.001293182373046875
-0.000152587890625
0.0002593994140625
0.00244140625
0.0008087158203125
-0.000652313232421875
0.001739501953125
0.00225067138671875
-0.000682830810546875
0.00089263916015625
-0.000701904296875
-0.00307464599609375
0.0004596710205078125
-0.00217437744140625
0.0009002685546875
-0.0002384185791015625
-6.866455078125e-05
-0.0001983642578125
-0.001190185546875
0.000949859619140625
0.005584716796875
-0.00153350830078125
-0.002655029296875
0.001880645751953125
-0.0016937255859375
0.0013580322265625
0.00249481201171875
0.0011138916015625
0.0004482269287109375
-0.001220703125
-0.0005817413330078125
0.000476837158203125
-0.0001068115234375
0.001007080078125
0.0010223388671875
0.000492095947265625
0.0010223388671875
0.00041961669921875
-0.00096893310546875
-0.000621795654296875
-5.340576171875e-05
-0.00218963623046875
0.00070953369140625
-0.000736236572265625
-0.00037384033203125
-0.001617431640625
-0.000110626220703125
-0.0002593994140625
-0.0032062530517578125
-0.0002117156982421875
0.00022125244140625
0.003021240234375
0.0034637451171875
-0.000385284423828125
0.000713348388671875
0.0010890960693359375
-0.00139617919921875
-0.001739501953125
0.00037384033203125
-6.4849853515625e-05
-0.0036773681640625
-0.000946044921875
0.00348663330078125
1.9073486328125e-05
-0.0008087158203125
-0.00199127197265625
0.0019378662109375
0.000301361083984375
5.7220458984375e-05
-0.00052642822265625
0.0007190704345703125
0.00081348419189453125
-0.0006103515625
0.00049591064453125
0.000820159912109375
0.00136566162109375
-0.001743316650390625
-0.001552581787109375
0.0022430419921875
-0.001972198486328125
-0.003143310546875
-6.866455078125e-05
-0.000751495361328125
-0.00093841552734375
-0.0014495849609375
0.0003910064697265625
-0.00191497802734375
0.001110076904296875
0.000457763671875
0.000518798828125
0.0010833740234375
-0.000934600830078125
-6.866455078125e-05
-0.001857757568359375
-0.000446319580078125
0.000408172607421875
0.00201416015625
0.000339508056640625
-0.001255035400390625
-0.001605987548828125
9.5367431640625e-05
-0.0001049041748046875
0.0009613037109375
0.0009708404541015625
0.001003265380859375
5.7220458984375e-06
-0.001827239990234375
-0.000545501708984375
0.0010881423950195312
0.0023403167724609375
-0.0034332275390625
-0.000701904296875
-0.00421142578125
7.62939453125e-06
-0.001312255859375
-0.00014495849609375
-0.0013589859008789062
-0.0006561279296875
0.00054931640625
0.0013885498046875
-0.000274658203125
0.002162933349609375
-0.000194549560546875
0.0059967041015625
7.62939453125e-05
-0.00110626220703125
0.00262451171875
-0.000881195068359375
0.00140380859375
0.00014400482177734375
-0.00051116943359375
-0.0031585693359375
0.003570556640625
-0.001880645751953125
0.00029754638671875
-0.00081634521484375
0.00313568115234375
0.00092315673828125
0.00176239013671875
0.00228118896484375
-0.00156402587890625
0.0008544921875
-0.000164031982421875
9.918212890625e-05
0.000118255615234375
0.0017547607421875
0.00225830078125
-0.0012969970703125
0.001739501953125
0.0004730224609375
-0.0028839111328125
0.0011730194091796875
-0.001434326171875
-0.000293731689453125
-0.00012969970703125
-0.000518798828125
0.001983642578125
-0.001251220703125
-0.00028228759765625
-0.0001125335693359375
0.0009002685546875
-0.0006542205810546875
0.001972198486328125
0.001308441162109375
-0.0025482177734375
7.2479248046875e-05
0.0007171630859375
3.719329833984375e-05
0.00180816650390625
0.000202178955078125
0.00127410888671875
0.000762939453125
0.000720977783203125
0.00077056884765625
-0.00128936767578125
-0.002887725830078125
-0.00128173828125
0.002288818359375
0.00299072265625
-0.000965118408203125
-0.00051116943359375
-1.52587890625e-05
0.00045013427734375
0.001148223876953125
0.000461578369140625
-0.000743865966796875
0.00011444091796875
0.004180908203125
0.0022125244140625
0.00079345703125
-0.001171112060546875
1.9073486328125e-05
-0.0028533935546875
-0.0011444091796875
0.00345611572265625
0.00089263916015625
-0.0001983642578125
0.0005645751953125
0.00130462646484375
-0.001190185546875
0.00115966796875
0.0005340576171875
0.0002117156982421875
-0.00061798095703125
0.0022125244140625
-0.000152587890625
0.00043487548828125
-0.00325775146484375
0.00106048583984375
0.000873565673828125
0.00146484375
-0.000255584716796875
0.00146484375
0.000728607177734375
-6.4849853515625e-05
0.00139617919921875
0.00255584716796875
0.0001468658447265625
0.000362396240234375
0.000213623046875
-0.00173187255859375
-0.000335693359375
-0.0016689300537109375
-0.00034332275390625
0.001312255859375
0.00096893310546875
-0.000396728515625
-0.0004825592041015625
-0.0030517578125
0.00029754638671875
-0.00127410888671875
-0.00069570541381835938
0.00048065185546875
0.000732421875
-0.0003509521484375
-0.00079345703125
0.000606536865234375
-0.00052642822265625
0.003662109375
-0.001800537109375
-0.0011196136474609375
0.00139617919921875
0.0010986328125
0.00051116943359375
0.00025177001953125
-0.00205230712890625
-0.000823974609375
-0.0006561279296875
-0.00144195556640625
0.0006866455078125
0.00048065185546875
0.000766754150390625
-0.0031585693359375
0.00225830078125
0.002105712890625
0.0006561279296875
-0.00258636474609375
0.001495361328125
-0.0012664794921875
-0.001316070556640625
0.0007781982421875
7.62939453125e-05
-0.001434326171875
0.00131988525390625
0.000278472900390625
-0.00022125244140625
0.00063323974609375
-0.000499725341796875
-0.00087738037109375
0.000263214111328125
-0.00016021728515625
-0.00011444091796875
0.0031280517578125
0.0018482208251953125
-0.000701904296875
-0.0021820068359375
0.003143310546875
0.001068115234375
0.000354766845703125
-0.00075531005859375
-0.00118255615234375
0.0017852783203125
-0.0015716552734375
0.00082302093505859375
-0.00016021728515625
-0.001007080078125
0.000640869140625
0.0013275146484375
0.0013828277587890625
-0.00139617919921875
0.0001068115234375
0.001735687255859375
-0.00045299530029296875
-4.1961669921875e-05
0.00101470947265625
0.00037384033203125
-4.57763671875e-05
0.0001678466796875
-0.0017852783203125
-0.0003337860107421875
0.0004119873046875
-0.00030517578125
-0.00070953369140625
0.00138092041015625
-0.0002155303955078125
0.00177001953125
-0.0001373291015625
-0.000301361083984375
-0.00054931640625
0.0018658638000488281
0.000213623046875
0.0013408660888671875
-0.00151824951171875
-0.00274658203125
-0.00077056884765625
0.00083160400390625
-0.0029296875
-3.814697265625e-05
-0.0010223388671875
0.0033416748046875
-0.0026702880859375
-0.001129150390625
0.0012664794921875
-0.001007080078125
0.000919342041015625
-0.00012969970703125
9.1552734375e-05
0.000583648681640625
-4.57763671875e-05
0.000461578369140625
0.001087188720703125
0.001190185546875
6.866455078125e-05
0.00272369384765625
-0.00075531005859375
0.000518798828125
0.00014495849609375
-0.001705169677734375
-9.918212890625e-05
0.00095367431640625
-0.0006084442138671875
-3.814697265625e-06
-0.000331878662109375
-0.0006256103515625
5.7220458984375e-05
0.004302978515625
-0.0009708404541015625
-0.00231170654296875
-0.00026702880859375
-0.000476837158203125
8.96453857421875e-05
-0.000278472900390625
-0.0012359619140625
0.00011444091796875
0.0008087158203125
0.00087738037109375
-8.392333984375e-05
0.00273895263671875
-0.00127410888671875
-0.000762939453125
5.340576171875e-05
0.00180816650390625
-0.0004730224609375
-0.00035858154296875
0.00217437744140625
0.000858306884765625
-0.00058746337890625
0.001194000244140625
-0.00011444091796875
0.0042572021484375
0.00091552734375
0.001369476318359375
-7.62939453125e-06
0.001708984375
-0.0012969970703125
-0.00159454345703125
-0.00296783447265625
-0.0009613037109375
0.00048828125
0.0024566650390625
0.002094268798828125
0.000995635986328125
0.0023956298828125
-0.00395965576171875
-0.000789642333984375
0.00296783447265625
-0.0023193359375
-0.00090789794921875
0.00048065185546875
0.000560760498046875
-0.000640869140625
-0.000644683837890625
-6.866455078125e-05
-0.001495361328125
-0.001064300537109375
-0.00074005126953125
-0.0001888275146484375
0.0012569427490234375
-0.00020599365234375
-0.000244140625
0.0010528564453125
0.0006103515625
-5.340576171875e-05
0.0010528564453125
0.001895904541015625
0.00138092041015625
-1.52587890625e-05
0.0009307861328125
9.72747802734375e-05
0.000213623046875
0.00089740753173828125
0.000415802001953125
0.00191497802734375
0.000438690185546875
-0.00087738037109375
-0.00069427490234375
0.00109100341796875
0.00060272216796875
-0.00234222412109375
-0.00160980224609375
-7.43865966796875e-05
0.00048828125
-0.001461029052734375
-0.000431060791015625
0.000453948974609375
-0.00146484375
-0.000392913818359375
1.52587890625e-05
0.000518798828125
0.00318145751953125
0.0030975341796875
-8.392333984375e-05
-0.0004673004150390625
-0.00048828125
-0.002655029296875
0.0017681121826171875
-0.003387451171875
-0.00054168701171875
-0.0003662109375
-0.001312255859375
0.00048065185546875
0.000453948974609375
-0.001399993896484375
-0.001312255859375
0.0019378662109375
0.00035858154296875
0.00197601318359375
-0.002101898193359375
-0.0006923675537109375
-0.001316070556640625
-0.00075531005859375
0.00060272216796875
-0.000682830810546875
0.0006961822509765625
-0.00048065185546875
0.00124359130859375
0.000457763671875
-0.000644683837890625
8.58306884765625e-05
0.000263214111328125
0.0004425048828125
0.00083160400390625
0.00012969970703125
4.9591064453125e-05
-0.001140594482421875
0.001129150390625
-0.000186920166015625
-0.0006198883056640625
0.001621246337890625
-6.103515625e-05
0.00035858154296875
0.00225830078125
-0.00023651123046875
0.0017547607421875
0.00077056884765625
-0.00138092041015625
-0.00118255615234375
3.814697265625e-06
-0.0011749267578125
-2.288818359375e-05
-0.0007781982421875
-0.0002288818359375
0.001003265380859375
-0.000244140625
-0.001567840576171875
-0.000514984130859375
0.000701904296875
0.000152587890625
-0.000335693359375
9.5367431640625e-05
-6.866455078125e-05
0.0013427734375
0.0008563995361328125
-0.001190185546875
0.003116607666015625
0.00011444091796875
0.0012664794921875
-0.00119781494140625
0.002685546875
0.0018768310546875
0.0022029876708984375
0.000652313232421875
-0.000514984130859375
0.00154876708984375
-0.0010271072387695312
-0.000125885009765625
0.000598907470703125
-0.0033721923828125
-0.0001068115234375
-0.0020771026611328125
-0.000835418701171875
0.001220703125
0.00034332275390625
0.0013065338134765625
-0.0003509521484375
-9.34600830078125e-05
0.0003814697265625
7.05718994140625e-05
0.000972747802734375
-0.00012969970703125
-0.0002593994140625
0.00020599365234375
-0.0010986328125
-0.00025177001953125
0.000659942626953125
-3.0517578125e-05
0.000354766845703125
-0.001041412353515625
-0.0005359649658203125
3.814697265625e-05
0.0004730224609375
0.002410888671875
-0.000453948974609375
0.000881195068359375
-0.000827789306640625
-0.00067901611328125
0.0017852783203125
0.00107574462890625
-0.0001220703125
-0.0021209716796875
0.0009765625
0.000461578369140625
-0.000286102294921875
-0.001708984375
-0.0006561279296875
-0.001041412353515625
-0.000759124755859375
-0.000946044921875
0.00115966796875
-6.008148193359375e-05
-0.001308441162109375
0.00098419189453125
-0.0007781982421875
0.00057220458984375
-0.0003204345703125
-0.00186920166015625
-0.0010833740234375
-0.000396728515625
-0.00257110595703125
-0.0017910003662109375
-0.00032806396484375
-0.001739501953125
0.00384521484375
-0.0015411376953125
-0.0015010833740234375
0.00040435791015625
-0.00151824951171875
-5.340576171875e-05
-0.0013427734375
-0.0039825439453125
0.0025177001953125
-0.00042724609375
-0.0025482177734375
-0.00020313262939453125
0.0002288818359375
-0.0015716552734375
0.00174713134765625
0.00251007080078125
0.00016021728515625
4.00543212890625e-05
-0.000335693359375
-0.000766754150390625
-0.0005779266357421875
-0.0003204345703125
0.00021314620971679688
0.0002002716064453125
-0.00031280517578125
-0.000957489013671875
0.00037384033203125
-0.0003509521484375
0.0003509521484375
0.00071215629577636719
0.000591278076171875
0.000946044921875
-0.000408172607421875
-0.0018463134765625
0.00080108642578125
-0.00017547607421875
0.00016021728515625
-0.00121307373046875
-0.00019216537475585938
0.000934600830078125
0.001434326171875
-0.00139617919921875
0.00079345703125
-0.000972747802734375
0.0013885498046875
0.001094818115234375
-0.0010223388671875
-0.000385284423828125
0.000209808349609375
0.000335693359375
0.00179290771484375
0.0001125335693359375
-0.000370025634765625
0.0013885498046875
-0.00093841552734375
0.0010833740234375
0.0016021728515625
-0.000637054443359375
0.0003814697265625
-0.0002288818359375
0.0002593994140625
-0.00112152099609375
-0.0016021728515625
-0.00016021728515625
0.00164794921875
0.00157928466796875
-0.000667572021484375
0.00156402587890625
-0.000537872314453125
0.0013885498046875
-0.00160980224609375
0.001605987548828125
-0.000316619873046875
0.000213623046875
-0.000335693359375
-0.000888824462890625
0.000675201416015625
0.00064849853515625
0.0013608932495117188
-0.002536773681640625
0.000823974609375
-0.0001068115234375
0.000492095947265625
0.000244140625
-0.00040435791015625
0.000274658203125
-0.000438690185546875
8.96453857421875e-05
-0.000286102294921875
5.7220458984375e-05
0.0004730224609375
-0.00016021728515625
-0.0002288818359375
0.00089263916015625
-0.001132965087890625
-0.0005779266357421875
0.00060558319091796875
-0.0007476806640625
-0.0004119873046875
-4.9591064453125e-05
-0.0025787353515625
-0.00012969970703125
-0.0002269744873046875
-0.00159454345703125
0.0007476806640625
-0.00110626220703125
-0.00020599365234375
0.002368927001953125
0.00059032440185546875
0.0007114410400390625
-0.0001811981201171875
0.001628875732421875
-0.00014495849609375
-8.392333984375e-05
-0.00069427490234375
-0.00054168701171875
0.00045013427734375
0.000133514404296875
-0.00067901611328125
-0.000152587890625
-0.000118255615234375
0.00177001953125
-0.00182342529296875
9.1552734375e-05
0.00019073486328125
-0.0034942626953125
-0.00102996826171875
-0.000286102294921875
0.001251220703125
0.001708984375
0.000423431396484375
0.0018310546875
-0.00152587890625
0.00145721435546875
-0.00093841552734375
-0.000514984130859375
-0.0011749267578125
0.00133514404296875
0.00075531005859375
0.0023193359375
0.000518798828125
-0.00024127960205078125
-0.00052642822265625
3.814697265625e-06
0.00377655029296875
-0.0023040771484375
-0.00020861625671386719
0.000240325927734375
-0.000255584716796875
4.57763671875e-05
-0.000705718994140625
0.000263214111328125
-0.0002651214599609375
0.000820159912109375
-0.00060272216796875
-0.000949859619140625
0.0003032684326171875
0.000164031982421875
-0.001537322998046875
0.0005054473876953125
-0.00106048583984375
0.000732421875
0.001102447509765625
-0.00051116943359375
0.0009918212890625
0.001132965087890625
-0.00077056884765625
1.52587890625e-05
-0.0005283355712890625
5.340576171875e-05
-0.002349853515625
0.0010528564453125
-0.0008945465087890625
0.000308990478515625
-0.00031280517578125
-0.001316070556640625
-0.000568389892578125
-0.0012054443359375
0.00063323974609375
-9.34600830078125e-05
-0.00012969970703125
-0.000644683837890625
0.0007781982421875
-0.0029144287109375
0.00251007080078125
0.000553131103515625
-0.0005054473876953125
-6.103515625e-05
0.001495361328125
0.0008258819580078125
-0.0010528564453125
-0.00183868408203125
-0.00121307373046875
-2.47955322265625e-05
0.00020599365234375
0.00443267822265625
0.00244140625
-0.00054931640625
-0.00055694580078125
-0.001678466796875
0.001087188720703125
-0.001495361328125
0.0012226104736328125
-0.0019474029541015625
-0.0016603469848632812
0.000202178955078125
0.000705718994140625
0.000209808349609375
0.000263214111328125
-0.0010528564453125
-0.00029087066650390625
-0.000202178955078125
-0.0008392333984375
0.000888824462890625
0.00011157989501953125
-5.7220458984375e-05
0.000141143798828125
-0.0005035400390625
-0.000194549560546875
0.000514984130859375
-0.00015926361083984375
0.0003204345703125
-0.0001811981201171875
-0.00067901611328125
-0.000152587890625
-0.00035953521728515625
-0.0012359619140625
-7.343292236328125e-05
0.00060939788818359375
-0.00023651123046875
-0.0001678466796875
0.00052642822265625
0.00179290771484375
0.0011653900146484375
0.0008087158203125
0.00061798095703125
4.57763671875e-05
-0.00127410888671875
-0.0018768310546875
0.0001010894775390625
0.00183868408203125
0.0018768310546875
0.00116729736328125
9.918212890625e-05
-0.00164794921875
0.003025054931640625
-0.00112152099609375
-0.00017547607421875
0.000640869140625
-0.00176239013671875
0.00042724609375
0.0034942626953125
-0.0037841796875
0.00257110595703125
-0.000789642333984375
-0.00043487548828125
0.0004425048828125
-0.001483917236328125
-0.003265380859375
0.00341796875
0.00244140625
-0.0012359619140625
-0.001422882080078125
0.000606536865234375
0.00250244140625
0.0015716552734375
-0.00135040283203125
0.000518798828125
-0.0005340576171875
-0.000942230224609375
-0.00238800048828125
0.00298309326171875
-0.00157928466796875
0.001598358154296875
0.001338958740234375
0.00025272369384765625
0.00030517578125
0.0004730224609375
0.000125885009765625
-0.0002593994140625
-0.000152587890625
3.0517578125e-05
-1.33514404296875e-05
-0.0003910064697265625
-0.0004119873046875
-0.000804901123046875
0.0002613067626953125
6.771087646484375e-05
0.00042724609375
-0.0009784698486328125
-2.288818359375e-05
0.001171112060546875
0.000335693359375
0.0001373291015625
0.000484466552734375
0.000102996826171875
-0.001285552978515625
-0.00020313262939453125
-0.00152587890625
0.0024261474609375
-0.00411224365234375
0.0012664794921875
-0.0017242431640625
0.000568389892578125
0.00051116943359375
0.001373291015625
0.0004730224609375
0.000335693359375
-1.71661376953125e-05
-0.002277374267578125
0.0011749267578125
0.00017547607421875
0.000965118408203125
0.0004119873046875
0.00074005126953125
-0.000591278076171875
0.002208709716796875
-0.00218963623046875
-0.00164031982421875
-0.00202178955078125
0.00191497802734375
0.001129150390625
-0.002002716064453125
-0.0006866455078125
-0.00292205810546875
-0.0010528564453125
-0.0024261474609375
0.0011444091796875
0.00067138671875
5.91278076171875e-05
0.002197265625
0.00046539306640625
0.00025177001953125
0.0
0.00152587890625
-0.0010404586791992188
0.000637054443359375
0.00030517578125
-0.0010166168212890625
0.00021886825561523438
-0.0001811981201171875
-5.7220458984375e-05
0.001079559326171875
9.34600830078125e-05
9.918212890625e-05
-0.00017547607421875
0.0006160736083984375
0.000514984130859375
-0.00017452239990234375
-0.000888824462890625
9.918212890625e-05
0.0007610321044921875
-0.000152587890625
-0.000629425048828125
-1.1444091796875e-05
0.0003948211669921875
-0.001007080078125
0.000640869140625
0.00037384033203125
0.0004596710205078125
-0.00049591064453125
-0.000732421875
0.00179290771484375
6.866455078125e-05
-1.9073486328125e-06
0.0016193389892578125
-0.002048492431640625
-0.00019073486328125
-0.0013275146484375
0.00057220458984375
3.814697265625e-05
-0.0032501220703125
-0.0014753341674804688
-0.000396728515625
-0.000469207763671875
-0.00026702880859375
-0.0044708251953125
6.103515625e-05
0.004177093505859375
0.00296783447265625
-0.000865936279296875
-0.0031585693359375
0.0001068115234375
0.00074625015258789062
3.814697265625e-05
0.001628875732421875
0.00016021728515625
-0.001697540283203125
0.00017547607421875
-0.0023040771484375
0.001323699951171875
-0.000225067138671875
0.001861572265625
-0.00035858154296875
0.00080394744873046875
0.00119781494140625
-0.00089263916015625
-0.000823974609375
-0.0002593994140625
0.000152587890625
-5.91278076171875e-05
-0.000232696533203125
0.00032520294189453125
-2.288818359375e-05
3.62396240234375e-05
-7.62939453125e-06
-0.0004215240478515625
5.7220458984375e-05
0.0001659393310546875
-6.580352783203125e-05
-0.0008087158203125
0.000514984130859375
-1.52587890625e-05
-0.00038909912109375
-0.0005702972412109375
-0.00049304962158203125
0.0002765655517578125
0.001552581787109375
0.000118255615234375
0.000156402587890625
-0.00057220458984375
-0.0008544921875
0.001071929931640625
0.000690460205078125
0.00025177001953125
0.0006732940673828125
-0.002716064453125
-0.0027923583984375
0.0016632080078125
0.0015716552734375
0.00019741058349609375
0.00045013427734375
-0.000507354736328125
0.00136566162109375
0.003631591796875
0.0012054443359375
-0.002685546875
0.00092315673828125
-0.0001983642578125
-0.00138092041015625
-0.0021514892578125
-0.001651763916015625
0.00034332275390625
-0.0014801025390625
-0.001377105712890625
0.002105712890625
0.00098419189453125
-0.00457763671875
0.00203704833984375
-0.0006866455078125
0.0001068115234375
0.001953125
-0.00091552734375
0.005645751953125
-0.000736236572265625
0.00048065185546875
0.00098419189453125
-0.00025177001953125
-0.000274658203125
-0.00165557861328125
-0.00025177001953125
0.0009784698486328125
0.0003414154052734375
-0.001873016357421875
0.00067138671875
0.0001773834228515625
0.0001068115234375
-0.0004138946533203125
0.000408172607421875
-0.000370025634765625
-0.00049591064453125
0.0002384185791015625
-0.0005626678466796875
0.000293731689453125
0.00026345252990722656
-0.00010538101196289062
0.00036525726318359375
-1.8596649169921875e-05
-7.62939453125e-06
-0.00041961669921875
0.0007572174072265625
2.47955322265625e-05
4.1961669921875e-05
-0.000537872314453125
-0.00038623809814453125
0.00032520294189453125
-0.0025482177734375
-0.0013580322265625
-0.0002994537353515625
0.0013675689697265625
0.00022590160369873047
0.0003204345703125
-0.00011444091796875
-0.00081634521484375
-6.866455078125e-05
0.001953125
0.00106048583984375
0.00374603271484375
0.00091552734375
-0.0008258819580078125
0.001251220703125
0.00128173828125
-0.0008544921875
9.1552734375e-05
0.000408172607421875
0.0007476806640625
0.0054931640625
0.00067138671875
-0.001438140869140625
0.000274658203125
0.00421142578125
-0.00014495849609375
-0.0001373291015625
0.00185394287109375
0.00176239013671875
0.00170135498046875
-0.0003204345703125
-0.00070953369140625
0.0002593994140625
-0.00099945068359375
-0.0003108978271484375
-0.0018310546875
-0.0004425048828125
7.62939453125e-05
0.00409698486328125
-0.00118255615234375
-0.0019073486328125
0.0005435943603515625
-0.001739501953125
0.000286102294921875
-0.0005702972412109375
0.0012054443359375
0.00043487548828125
-0.00058746337890625
0.0001430511474609375
-0.0001220703125
0.00059413909912109375
-0.00030183792114257812
-0.00030803680419921875
-0.00026798248291015625
0.0001678466796875
-0.0001983642578125
0.0001316070556640625
-0.00017070770263671875
0.0006198883056640625
0.001251220703125
0.000179290771484375
-0.0001697540283203125
0.000675201416015625
-0.0003528594970703125
-4.1961669921875e-05
0.002292633056640625
0.00026035308837890625
-0.00203704833984375
-0.00018167495727539062
0.0006809234619140625
-0.0011444091796875
-0.0010223388671875
-3.0517578125e-05
-0.00334930419921875
-9.918212890625e-05
-0.000133514404296875
0.00433349609375
0.00026702880859375
-0.00060272216796875
-0.002445220947265625
-0.0016632080078125
0.001552581787109375
-0.000732421875
0.001300811767578125
-0.0011138916015625
-0.0010986328125
0.00018310546875
-0.005218505859375
0.001373291015625
-0.00075531005859375
0.001140594482421875
0.000213623046875
-0.00147247314453125
-0.0003204345703125
4.1961669921875e-05
-0.005214691162109375
-0.0003509521484375
-0.00354766845703125
-0.00099945068359375
0.0002899169921875
-0.00106048583984375
0.00048828125
0.001003265380859375
-0.00063323974609375
-3.814697265625e-05
-0.0001373291015625
-0.0013561248779296875
-0.000568389892578125
-2.47955322265625e-05
-4.76837158203125e-05
-0.0002651214599609375
-4.00543212890625e-05
-6.4849853515625e-05
0.000759124755859375
7.82012939453125e-05
-0.0005702972412109375
0.00011444091796875
7.2479248046875e-05
0.00096893310546875
-0.0008525848388671875
-0.0015106201171875
0.000270843505859375
-9.34600830078125e-05
-0.0001811981201171875
-0.0002765655517578125
-0.0008087158203125
0.00014495849609375
-0.0012359619140625
-0.0005035400390625
0.00029754638671875
-0.00048828125
-0.001251220703125
-0.00078582763671875
0.000701904296875
-0.000125885009765625
-0.000152587890625
-0.00023651123046875
-0.0036773681640625
0.0013427734375
-0.00086212158203125
-0.002410888671875
-0.00103759765625
0.001129150390625
0.005859375
0.000152587890625
-0.0008335113525390625
0.00090789794921875
-0.0001678466796875
0.00226593017578125
-0.000732421875
-0.0009307861328125
0.0018157958984375
0.00075531005859375
0.0045928955078125
0.0030670166015625
0.001132965087890625
-0.0005035400390625
0.001220703125
0.0006866455078125
-0.00299072265625
-0.0006313323974609375
0.000946044921875
-4.57763671875e-05
0.0013427734375
0.0021152496337890625
-0.000171661376953125
0.0011453628540039062
-0.00077056884765625
8.392333984375e-05
0.001018524169921875
-0.0005664825439453125
-6.67572021484375e-05
0.000453948974609375
7.05718994140625e-05
1.811981201171875e-05
9.1552734375e-05
-0.00029659271240234375
3.24249267578125e-05
-0.000644683837890625
0.00142669677734375
0.0008296966552734375
-0.000453948974609375
0.0007476806640625
-7.05718994140625e-05
0.00078105926513671875
0.0002288818359375
-0.000392913818359375
-0.0001220703125
0.00102996826171875
0.000263214111328125
3.814697265625e-05
-0.000400543212890625
5.7220458984375e-05
0.000396728515625
0.000110626220703125
0.00133514404296875
0.0025482177734375
-0.0004425048828125
0.002471923828125
-0.000873565673828125
0.001461029052734375
0.0011138916015625
0.0018157958984375
0.00140380859375
-0.0004119873046875
-0.006683349609375
-0.0015411376953125
0.0003814697265625
0.000457763671875
-0.00229644775390625
-0.0005931854248046875
-0.00115203857421875
-0.000873565673828125
-0.0023040771484375
0.0005645751953125
-0.00028228759765625
0.000812530517578125
0.0011444091796875
0.001338958740234375
0.001430511474609375
0.0017547607421875
-0.003692626953125
0.0042877197265625
0.0005035400390625
0.0008373260498046875
7.62939453125e-05
-0.0036163330078125
-0.00208282470703125
-0.00131988525390625
-9.918212890625e-05
-0.00039005279541015625
0.00025177001953125
0.0001621246337890625
-0.00029420852661132812
-0.000530242919921875
0.000476837158203125
-8.106231689453125e-05
0.00064039230346679688
5.53131103515625e-05
-0.000232696533203125
-1.811981201171875e-05
9.5367431640625e-05
-0.000274658203125
-7.724761962890625e-05
-0.000522613525390625
0.0006389617919921875
0.000518798828125
0.00048828125
-0.000255584716796875
-0.0001239776611328125
-0.000247955322265625
-0.00019073486328125
-0.00018310546875
0.0006160736083984375
0.000255584716796875
0.00072479248046875
0.0008678436279296875
0.00107574462890625
-0.000606536865234375
-0.000209808349609375
-0.00078582763671875
0.0004119873046875
-0.00121307373046875
0.002532958984375
-0.0010528564453125
-0.00202178955078125
0.0015716552734375
-0.00262451171875
0.00543212890625
-0.001224517822265625
-0.0016632080078125
-0.0001373291015625
-0.00038909912109375
0.003509521484375
0.00067138671875
0.000347137451171875
-0.000213623046875
-0.00069427490234375
-0.00102996826171875
0.00215911865234375
-0.000823974609375
-0.001617431640625
-0.007415771484375
0.00201416015625
0.0026702880859375
0.003570556640625
-0.0005550384521484375
0.00067901611328125
-0.0011348724365234375
0.00157928466796875
0.00061798095703125
-0.000518798828125
0.00122833251953125
-0.0005035400390625
0.00058746337890625
-0.0002346038818359375
0.002445220947265625
-0.0002498626708984375
0.000148773193359375
0.0003108978271484375
0.0007801055908203125
-0.00011944770812988281
0.0003948211669921875
-0.000263214111328125
-2.6702880859375e-05
0.0004730224609375
-0.001125335693359375
0.00027942657470703125
-0.00041961669921875
0.0008544921875
-0.00012683868408203125
0.00018215179443359375
0.000453948974609375
5.5789947509765625e-05
-5.4836273193359375e-05
-0.0001010894775390625
-0.0004425048828125
-9.5367431640625e-05
0.000339508056640625
0.0001983642578125
-0.000835418701171875
-0.00099086761474609375
-0.00032806396484375
-0.0009765625
0.00110626220703125
0.0010585784912109375
-0.00411224365234375
0.000339508056640625
-0.0016937255859375
-0.0006561279296875
-0.001918792724609375
-0.001190185546875
-0.00061798095703125
0.00079345703125
0.002197265625
0.0011749267578125
-0.00092315673828125
-0.00048828125
0.001922607421875
0.000530242919921875
0.00023555755615234375
0.00081634521484375
0.00168609619140625
0.0005950927734375
-0.00046539306640625
0.0023632049560546875
0.00380706787109375
-0.00128936767578125
0.000873565673828125
0.0003662109375
-0.0017547607421875
0.00098419189453125
-0.0018463134765625
-0.0010833740234375
0.00089263916015625
0.0003299713134765625
0.000560760498046875
0.000896453857421875
-0.001461029052734375
-0.00052642822265625
-0.00079345703125
-0.00012683868408203125
-0.000118255615234375
3.24249267578125e-05
0.0002117156982421875
-4.100799560546875e-05
0.000164031982421875
-0.000118255615234375
0.000133514404296875
6.008148193359375e-05
0.00012969970703125
0.0003185272216796875
-0.0001430511474609375
0.000232696533203125
1.811981201171875e-05
-0.0002651214599609375
0.000148773193359375
-0.00016021728515625
0.0009136199951171875
0.0006198883056640625
-0.00032329559326171875
-0.0002155303955078125
-0.00063323974609375
-0.0014190673828125
0.0001506805419921875
0.001132965087890625
-0.0007781982421875
0.0001983642578125
0.0006561279296875
0.00068569183349609375
0.00214385986328125
-0.0009746551513671875
0.002227783203125
-0.002899169921875
0.002330780029296875
-0.000213623046875
-0.0010313987731933594
0.001922607421875
-0.00022125244140625
-0.00017261505126953125
8.7738037109375e-05
-0.0012359619140625
-0.0004119873046875
-0.00042724609375
-0.000244140625
-0.0011186599731445312
-0.00091552734375
-0.00331878662109375
0.0042724609375
-0.0009613037109375
-0.0018711090087890625
0.0027008056640625
0.000804901123046875
0.006378173828125
-0.00177001953125
0.0027313232421875
-3.814697265625e-06
0.001293182373046875
-0.0009765625
-1.52587890625e-05
0.000492095947265625
-0.00011444091796875
-0.000316619873046875
0.000408172607421875
-0.0006923675537109375
-0.000583648681640625
0.0008068084716796875
-0.00080108642578125
-0.00042724609375
-0.00072479248046875
-0.00014781951904296875
3.814697265625e-06
-0.00029087066650390625
-0.00030517578125
-0.000331878662109375
-0.0003299713134765625
-3.24249267578125e-05
0.00026941299438476562
0.00041961669921875
-0.00016498565673828125
-0.0006847381591796875
6.866455078125e-05
8.58306884765625e-05
0.000579833984375
-3.62396240234375e-05
-0.0004520416259765625
8.58306884765625e-05
0.000385284423828125
0.00055694580078125
0.001201629638671875
-0.000881195068359375
-4.57763671875e-05
0.00045013427734375
-0.0005340576171875
0.002197265625
0.003170013427734375
0.00052738189697265625
0.00027680397033691406
-0.00079345703125
-0.00152587890625
-0.001220703125
0.0014495849609375
0.001220703125
-0.00043487548828125
0.000354766845703125
0.00109100341796875
0.001007080078125
-0.000865936279296875
-0.0007038116455078125
-0.000156402587890625
0.0052642822265625
-0.00140380859375
-0.0028228759765625
0.000885009765625
-0.001190185546875
0.0043182373046875
0.00548553466796875
0.0015716552734375
-0.007843017578125
0.00185394287109375
0.0047454833984375
-0.00142669677734375
-0.0002899169921875
0.00055694580078125
0.00095367431640625
0.00093841552734375
-0.000713348388671875
-3.814697265625e-06
-1.52587890625e-05
0.00064849853515625
-0.00016021728515625
-0.0006847381591796875
-0.0003910064697265625
6.103515625e-05
-0.0008411407470703125
-0.0001430511474609375
0.00040435791015625
-0.00054931640625
0.00014591217041015625
0.0003414154052734375
0.0009021759033203125
-0.000156402587890625
-0.0002002716064453125
0.0002593994140625
0.0016231536865234375
0.000865936279296875
-2.47955322265625e-05
-7.62939453125e-06
-0.0001430511474609375
6.67572021484375e-05
0.000179290771484375
0.000400543212890625
0.0003643035888671875
0.0003604888916015625
-0.00077056884765625
-0.0005397796630859375
0.0003948211669921875
-0.00185394287109375
0.0008392333984375
2.6702880859375e-05
0.0003814697265625
-0.0014190673828125
0.001495361328125
0.0008697509765625
0.00063323974609375
-0.00279998779296875
0.002197265625
-0.00057220458984375
0.00162506103515625
-0.00042724609375
-9.1552734375e-05
0.00146484375
0.00139617919921875
0.0009613037109375
-0.0003509521484375
0.002777099609375
0.00257110595703125
0.00856781005859375
-0.00011444091796875
0.002292633056640625
0.000705718994140625
0.0015411376953125
0.000335693359375
-0.001445770263671875
0.00131988525390625
-0.0010528564453125
0.000171661376953125
-0.001068115234375
-4.9591064453125e-05
-0.000629425048828125
1.52587890625e-05
0.00060272216796875
-0.0006103515625
8.96453857421875e-05
0.00015389919281005859
0.0001678466796875
0.0009822845458984375
-0.000885009765625
-0.0003108978271484375
-5.340576171875e-05
-0.000339508056640625
-0.00036907196044921875
-0.0001392364501953125
0.0010938644409179688
-0.00066375732421875
0.000217437744140625
-0.00014400482177734375
-1.239776611328125e-05
-0.0005931854248046875
1.1920928955078125e-05
-0.0012416839599609375
0.000518798828125
-0.0004425048828125
-0.001148223876953125
0.000766754150390625
4.00543212890625e-05
0.0010223388671875
-0.00064849853515625
-0.00060272216796875
0.000888824462890625
-0.00026702880859375
-0.000240325927734375
-2.288818359375e-05
0.000244140625
9.250640869140625e-05
-0.000568389892578125
-9.5367431640625e-05
-0.000316619873046875
0.00046539306640625
-0.00287628173828125
-0.00135040283203125
-0.00026702880859375
-0.0003509521484375
0.0015411376953125
-0.00069427490234375
-0.0044097900390625
-0.0012054443359375
0.0059814453125
0.002044677734375
-0.00103759765625
0.00067138671875
0.0033721923828125
0.0017547607421875
-0.00081634521484375
-0.00275421142578125
0.00330352783203125
0.00064849853515625
-0.0001373291015625
0.00052642822265625
-0.0019397735595703125
0.000789642333984375
0.000911712646484375
0.00010776519775390625
0.0003261566162109375
0.00079345703125
-0.0007114410400390625
0.000225067138671875
0.000308990478515625
0.000244140625
3.814697265625e-06
-7.62939453125e-05
0.00035858154296875
-0.0008220672607421875
0.000324249267578125
0.0001735687255859375
0.000385284423828125
-0.00061798095703125
5.2928924560546875e-05
0.00024974346160888672
-8.20159912109375e-05
-0.0001678466796875
-0.0002460479736328125
-6.103515625e-05
0.000377655029296875
-0.000728607177734375
0.00032806396484375
0.000347137451171875
-0.000194549560546875
0.000148773193359375
0.000213623046875
0.000560760498046875
0.0005054473876953125
-0.00048828125
0.0005283355712890625
0.0013885498046875
-0.0006046295166015625
0.00153350830078125
5.7220458984375e-05
0.00084686279296875
-0.00173187255859375
-0.00019073486328125
-0.00263214111328125
0.000484466552734375
-0.00325775146484375
-0.00057888031005859375
-6.103515625e-05
-0.0013885498046875
0.00140380859375
-0.000141143798828125
0.003692626953125
-0.001819610595703125
-0.00022125244140625
0.000888824462890625
-0.00164794921875
0.0016632080078125
-0.00055694580078125
-0.000339508056640625
0.00189208984375
-4.9591064453125e-05
-0.00083446502685546875
-0.0001678466796875
-0.000934600830078125
0.00202178955078125
-0.00017547607421875
0.0002498626708984375
0.00150299072265625
-0.00116729736328125
0.0005035400390625
0.0011749267578125
-0.000507354736328125
0.0003204345703125
-0.00026798248291015625
0.0012569427490234375
0.00080108642578125
-0.000698089599609375
1.9073486328125e-05
0.0001506805419921875
-0.000522613525390625
0.0007476806640625
-0.0002727508544921875
0.0006084442138671875
-0.00037384033203125
-0.00028133392333984375
-0.000110626220703125
0.00054073333740234375
-0.0010223388671875
0.00017499923706054688
0.0004673004150390625
0.0002231597900390625
-0.000110626220703125
5.7220458984375e-05
-0.0002117156982421875
-0.001171112060546875
-0.000202178955078125
0.0002117156982421875
-0.00083160400390625
0.000705718994140625
-4.9591064453125e-05
0.0010395050048828125
0.000164031982421875
5.7220458984375e-05
-0.0023651123046875
0.00127410888671875
0.00025177001953125
-7.62939453125e-05
0.003204345703125
-0.00565338134765625
0.00018310546875
-3.4332275390625e-05
0.001079559326171875
0.00090789794921875
0.0020294189453125
0.0023956298828125
-0.0032958984375
-0.00107574462890625
0.0019073486328125
-0.00176239013671875
-0.000308990478515625
-0.00061798095703125
0.0004119873046875
-0.001251220703125
0.00026702880859375
-0.00151824951171875
-9.5367431640625e-05
-0.0005035400390625
-0.000759124755859375
0.000255584716796875
0.00057220458984375
0.000362396240234375
0.00119781494140625
0.001171112060546875
0.0002899169921875
-0.00206756591796875
0.001148223876953125
-0.0002288818359375
-0.0007171630859375
0.0010852813720703125
-0.00046539306640625
-0.000213623046875
0.00035953521728515625
-8.4400177001953125e-05
-0.00052976608276367188
-0.000171661376953125
-1.9073486328125e-06
0.0002613067626953125
0.0005397796630859375
-0.000186920166015625
0.00036907196044921875
-0.0005817413330078125
0.000637054443359375
5.53131103515625e-05
0.000274658203125
0.00049591064453125
0.00031280517578125
0.000568389892578125
0.0008087158203125
-0.0006122589111328125
0.00135040283203125
0.000301361083984375
-0.0006084442138671875
6.866455078125e-05
-0.00080108642578125
0.001964569091796875
-0.000141143798828125
0.0015716552734375
-0.0012664794921875
-0.001369476318359375
0.00035858154296875
0.0022735595703125
0.002368927001953125
0.000335693359375
-8.0108642578125e-05
0.00133514404296875
0.000274658203125
-0.0001220703125
0.0008392333984375
-0.0001983642578125
0.002513885498046875
-0.001461029052734375
0.001049041748046875
0.000156402587890625
0.00249481201171875
-0.0063629150390625
0.00146484375
0.0010986328125
-0.00040435791015625
0.000640869140625
-0.002105712890625
0.000518798828125
-0.00284576416015625
0.000640869140625
-0.0029449462890625
-0.000133514404296875
0.00124359130859375
0.0015869140625
-0.000885009765625
-0.00128936767578125
0.00025177001953125
0.001434326171875
-0.00159454345703125
-0.0009403228759765625
0.0006084442138671875
-0.000461578369140625
2.09808349609375e-05
0.0003795623779296875
0.000354766845703125
7.82012939453125e-05
0.00054168701171875
-0.00051116943359375
-0.000400543212890625
-0.00037479400634765625
2.384185791015625e-05
8.0108642578125e-05
1.9788742065429688e-05
-0.00020599365234375
0.0008525848388671875
0.0002117156982421875
-0.0001125335693359375
0.0005397796630859375
-0.001483917236328125
0.0001163482666015625
-0.0002002716064453125
-0.00054168701171875
0.000194549560546875
8.0108642578125e-05
0.0020904541015625
-0.002685546875
-0.00093841552734375
0.0002899169921875
-0.000156402587890625
-0.0004291534423828125
0.001483917236328125
0.0001373291015625
-0.0001678466796875
0.00131988525390625
-0.0011806488037109375
0.001068115234375
-0.00052642822265625
-0.00250244140625
0.000377655029296875
0.0022430419921875
-0.0019073486328125
1.33514404296875e-05
-0.00318145751953125
0.0005340576171875
-0.000946044921875
0.003173828125
-0.001323699951171875
0.001922607421875
0.0010833740234375
0.000579833984375
0.0008697509765625
-0.00229644775390625
-0.001373291015625
-0.0001506805419921875
0.00141143798828125
0.0015106201171875
-0.001312255859375
-0.00074005126953125
9.34600830078125e-05
0.0006847381591796875
-0.0006561279296875
7.62939453125e-06
-0.001140594482421875
-0.0008087158203125
0.001445770263671875
-0.000888824462890625
0.001544952392578125
-0.00028944015502929688
-7.43865966796875e-05
-0.00052642822265625
-0.00038909912109375
0.0003204345703125
-9.5367431640625e-07
0.0003662109375
-0.000423431396484375
-2.86102294921875e-05
0.0002593994140625
-0.00021219253540039062
5.53131103515625e-05
-0.000865936279296875
0.00017476081848144531
0.000278472900390625
0.001766204833984375
-0.00029754638671875
-0.0007762908935546875
0.00067138671875
-0.0009002685546875
-0.000396728515625
-0.00193023681640625
-0.00264739990234375
0.00272369384765625
0.00347900390625
-0.00124359130859375
0.001438140869140625
-0.001495361328125
-0.001964569091796875
-0.001560211181640625
-0.003204345703125
3.0517578125e-05
-0.00034332275390625
-0.00030517578125
0.0009002685546875
-0.001575469970703125
0.0023651123046875
-0.000213623046875
-0.00154876708984375
-0.00372314453125
1.52587890625e-05
0.002719879150390625
0.00119781494140625
-0.0011138916015625
0.0079803466796875
0.0023956298828125
-0.00154876708984375
0.00244903564453125
-0.0022430419921875
0.000385284423828125
0.001049041748046875
-0.00043487548828125
-0.0032958984375
0.00018310546875
-0.0003070831298828125
-0.001255035400390625
7.62939453125e-06
-0.000751495361328125
-0.0011444091796875
0.00077056884765625
0.000522613525390625
-0.00041961669921875
0.00014495849609375
0.0001926422119140625
-0.00080966949462890625
-6.866455078125e-05
0.00040340423583984375
0.00011777877807617188
-0.000324249267578125
0.000118255615234375
-0.00044965744018554688
0.00052881240844726562
-0.00036907196044921875
0.00035572052001953125
0.00011920928955078125
-0.0004730224609375
0.00048065185546875
-0.00055980682373046875
-5.340576171875e-05
0.001667022705078125
-0.000274658203125
-0.00042724609375
-0.001094818115234375
-0.00064849853515625
0.0006084442138671875
-3.814697265625e-05
0.002960205078125
-0.002513885498046875
-0.0012054443359375
-0.003253936767578125
0.0025634765625
-0.00069427490234375
0.000514984130859375
0.00098419189453125
0.00078582763671875
0.002552032470703125
-0.0005340576171875
-0.0022735595703125
0.00274658203125
-0.0006561279296875
-0.00197601318359375
0.00037384033203125
-0.001129150390625
-0.00052642822265625
0.0013885498046875
0.00321197509765625
-0.0012969970703125
-0.0006256103515625
0.00150299072265625
0.00315093994140625
-0.00030612945556640625
-0.0003509521484375
-0.00112152099609375
-0.0006256103515625
0.0030364990234375
-6.103515625e-05
4.57763671875e-05
0.0050048828125
-0.004302978515625
-0.0031890869140625
0.000823974609375
0.001132965087890625
-0.0004425048828125
0.00087738037109375
0.000110626220703125
-0.0003719329833984375
-0.001068115234375
-6.198883056640625e-05
0.00032806396484375
-0.000209808349609375
-0.0003299713134765625
-0.00010061264038085938
-0.001064300537109375
-5.054473876953125e-05
-0.000179290771484375
0.000759124755859375
-0.0006122589111328125
9.918212890625e-05
0.00032806396484375
0.000164031982421875
-0.00025177001953125
2.6702880859375e-05
-0.000400543212890625
-0.0005321502685546875
0.00064849853515625
0.00078582763671875
0.00046539306640625
0.00019073486328125
-0.0017547607421875
-0.00043487548828125
-0.00235748291015625
-0.00112152099609375
0.000244140625
0.00052642822265625
-0.00115203857421875
0.00052642822265625
0.0006561279296875
-0.0023956298828125
-0.000911712646484375
-0.0004425048828125
-0.00153350830078125
-0.001617431640625
0.0010094642639160156
0.00315093994140625
-0.00099945068359375
-0.000560760498046875
0.002368927001953125
-0.0001983642578125
-0.001495361328125
-0.002960205078125
0.002410888671875
-0.0013885498046875
-0.001007080078125
-0.0023040771484375
-0.0021820068359375
0.002410888671875
0.000823974609375
-0.002399444580078125
0.00026702880859375
0.00086212158203125
-0.0012054443359375
-0.0045623779296875
-0.000835418701171875
0.0012054443359375
-0.001434326171875
-0.000698089599609375
-0.000331878662109375
-0.0012645721435546875
-0.000186920166015625
-0.000133514404296875
0.00052356719970703125
0.00021266937255859375
0.0012149810791015625
-0.000141143798828125
0.00031185150146484375
-2.3365020751953125e-05
0.00037860870361328125
0.00014495849609375
0.0002899169921875
-0.0004444122314453125
0.0005340576171875
-0.00010919570922851562
0.0004749298095703125
-6.866455078125e-05
8.2254409790039062e-05
-0.00023651123046875
-3.814697265625e-05
0.000392913818359375
-0.000988006591796875
0.000728607177734375
4.76837158203125e-05
0.002716064453125
-0.0006866455078125
-0.00092315673828125
0.00103759765625
0.0017242431640625
0.00043439865112304688
0.0015716552734375
0.009521484375
1.52587890625e-05
0.00030517578125
-0.004669189453125
0.0010013580322265625
-0.0006389617919921875
-0.00043487548828125
-0.00043487548828125
0.0009918212890625
0.0027618408203125
-0.0030670166015625
0.00078582763671875
-0.00231170654296875
-0.00211334228515625
-0.00035858154296875
0.0021820068359375
-0.00433349609375
-0.001209259033203125
0.00066375732421875
0.0028839111328125
8.392333984375e-05
0.0013427734375
0.00030517578125
0.0032501220703125
0.000762939453125
0.00290679931640625
-0.000701904296875
0.003192901611328125
-0.000774383544921875
0.0
0.0011749267578125
-0.000202178955078125
-0.0009613037109375
-7.915496826171875e-05
0.0001373291015625
-0.0010528564453125
-0.000217437744140625
0.000370025634765625
-0.0001678466796875
-0.0003147125244140625
-0.000301361083984375
-8.9168548583984375e-05
9.34600830078125e-05
-0.0002269744873046875
-0.000457763671875
0.0003147125244140625
0.000286102294921875
-0.0004901885986328125
-0.00124359130859375
4.38690185546875e-05
0.00055789947509765625
0.0002422332763671875
-0.000499725341796875
0.000644683837890625
-0.000293731689453125
-0.000804901123046875
-0.00106048583984375
-0.001617431640625
-0.0012664794921875
0.0012969970703125
0.0002899169921875
-0.000827789306640625
0.0005340576171875
-0.0020751953125
0.0064697265625
0.003173828125
0.00189208984375
-0.000164031982421875
0.001861572265625
0.001190185546875
0.00020599365234375
-0.00029754638671875
-0.00164031982421875
-0.00145721435546875
-0.0008544921875
0.0016326904296875
0.0005035400390625
-0.0017108917236328125
0.0036468505859375
-0.001251220703125
0.001583099365234375
0.00102996826171875
-0.003631591796875
-0.002166748046875
-0.00012969970703125
-0.001953125
0.0004119873046875
-0.00042724609375
-0.00130462646484375
-0.000148773193359375
0.0010728836059570312
-0.000507354736328125
3.814697265625e-05
0.001068115234375
-0.00083160400390625
-0.0008544921875
0.000194549560546875
0.00067138671875
-0.000743865966796875
-0.00067138671875
-0.000125885009765625
0.0003376007080078125
0.000171661376953125
-0.000431060791015625
0.0001163482666015625
-0.00053310394287109375
0.0001678466796875
-0.00010204315185546875
-3.6001205444335938e-05
0.00035381317138671875
-0.0004673004150390625
-0.00054168701171875
0.00035858154296875
-0.00020885467529296875
-0.0002956390380859375
0.00030517578125
-0.00035762786865234375
0.001068115234375
-1.1444091796875e-05
-0.000110626220703125
0.000469207763671875
0.001674652099609375
0.000820159912109375
0.00145721435546875
-0.000797271728515625
-0.0011749267578125
0.00130462646484375
-0.00063323974609375
1.52587890625e-05
0.0005340576171875
-0.002666473388671875
0.0002899169921875
0.00030517578125
-0.00119781494140625
-0.0019378662109375
0.002201080322265625
0.0005950927734375
0.0021209716796875
-0.002532958984375
0.00061798095703125
0.00052642822265625
0.003021240234375
0.00262451171875
-0.0051422119140625
-0.000789642333984375
0.00067138671875
0.0015869140625
0.0001354217529296875
-0.002193450927734375
0.00170135498046875
0.0030059814453125
0.002593994140625
-0.000728607177734375
0.00060272216796875
-0.001514434814453125
0.00050449371337890625
-0.000514984130859375
-0.0005645751953125
0.0021209716796875
-0.00130462646484375
0.00055694580078125
-0.000202178955078125
-0.001598358154296875
0.00067901611328125
7.62939453125e-05
-0.00057840347290039062
9.1552734375e-05
-0.000698089599609375
-0.00059413909912109375
3.814697265625e-05
-6.9141387939453125e-05
4.38690185546875e-05
0.0001163482666015625
-0.00049591064453125
0.0001888275146484375
-0.0003814697265625
-0.000278472900390625
0.00022459030151367188
6.5326690673828125e-05
5.53131103515625e-05
-3.4332275390625e-05
0.0012187957763671875
0.00080108642578125
0.00051116943359375
0.00157928466796875
0.0018463134765625
-0.0019683837890625
0.00136566162109375
-0.00235748291015625
0.00165557861328125
-0.0017852783203125
-0.00092315673828125
-0.00028228759765625
0.002483367919921875
0.000274658203125
0.000209808349609375
-0.000347137451171875
0.001617431640625
0.00048828125
-0.000213623046875
8.392333984375e-05
-0.0030975341796875
0.0020751953125
0.0010833740234375
0.001209259033203125
-0.0049591064453125
-0.00323486328125
-9.918212890625e-05
-0.00147247314453125
-0.003757476806640625
-0.0062255859375
-0.00118255615234375
0.0037841796875
-0.0018463134765625
-0.00188446044921875
-0.00048828125
0.000881195068359375
0.0010528564453125
-0.0018463134765625
-0.000732421875
0.0014801025390625
-1.9073486328125e-06
0.00060272216796875
1.52587890625e-05
-0.00014495849609375
-0.00030517578125
-0.000453948974609375
0.00069427490234375
0.000274658203125
0.0004100799560546875
-0.00070953369140625
0.000675201416015625
0.000209808349609375
0.0004596710205078125
-0.00038623809814453125
-3.24249267578125e-05
0.0002460479736328125
0.000213623046875
0.000301361083984375
-0.0008144378662109375
0.0015411376953125
-0.00077056884765625
0.000507354736328125
-4.00543212890625e-05
-0.001766204833984375
-4.9591064453125e-05
0.000179290771484375
0.000148773193359375
-0.0012378692626953125
-0.00091552734375
-0.00052642822265625
-0.001300811767578125
-0.000537872314453125
0.00049591064453125
-0.00193023681640625
0.001068115234375
-0.001983642578125
-0.0011138916015625
-0.000885009765625
0.00138092041015625
-0.0014801025390625
0.00240325927734375
0.001499176025390625
-0.00235748291015625
-0.004150390625
0.0012359619140625
-0.001434326171875
-0.00054168701171875
0.001071929931640625
0.000732421875
-0.00049591064453125
-0.000614166259765625
0.00140380859375
-9.1552734375e-05
0.0031280517578125
0.00030517578125
-0.00225830078125
0.0046234130859375
0.0012607574462890625
-0.00074005126953125
0.00231170654296875
2.288818359375e-05
-0.005096435546875
0.00075531005859375
-0.00030517578125
0.00043487548828125
-0.0004940032958984375
0.00055694580078125
0.0007839202880859375
0.00027942657470703125
-0.0002193450927734375
-0.00135040283203125
0.001087188720703125
-0.0003070831298828125
0.000324249267578125
0.000362396240234375
0.000171661376953125
0.0001239776611328125
-4.76837158203125e-06
-0.0002155303955078125
3.0517578125e-05
0.0003070831298828125
-0.00037384033203125
5.245208740234375e-05
7.62939453125e-05
-2.9087066650390625e-05
0.0007076263427734375
0.0003376007080078125
-6.1511993408203125e-05
0.00078582763671875
-0.000335693359375
0.0008487701416015625
0.000308990478515625
0.0026397705078125
-0.000354766845703125
0.000453948974609375
-0.0003223419189453125
-9.1552734375e-05
-0.00197601318359375
-5.7220458984375e-05
0.000255584716796875
-0.00058746337890625
-4.1961669921875e-05
-0.000400543212890625
0.0005340576171875
0.00423431396484375
-0.000667572021484375
0.0008544921875
-0.0048370361328125
-0.000766754150390625
-0.000171661376953125
-0.00371551513671875
-0.00164794921875
0.0001678466796875
-0.00226593017578125
-0.001922607421875
0.00420379638671875
0.003204345703125
0.00074005126953125
0.0020751953125
0.000286102294921875
0.006866455078125
-0.00415802001953125
-0.00016021728515625
-0.0013275146484375
0.00293731689453125
-0.0004119873046875
0.001293182373046875
-0.000263214111328125
0.0002841949462890625
0.0014801025390625
-0.000438690185546875
-0.00121307373046875
0.000705718994140625
0.001209259033203125
-0.000743865966796875
-2.6702880859375e-05
0.0004405975341796875
-0.00073909759521484375
-0.0005054473876953125
-0.0002899169921875
-0.000335693359375
0.000926971435546875
7.534027099609375e-05
8.106231689453125e-05
0.0006656646728515625
-0.00017547607421875
0.00060272216796875
-0.000125885009765625
-0.000911712646484375
-0.0007686614990234375
0.0001354217529296875
-0.0003662109375
0.0001373291015625
0.0011749267578125
0.00021696090698242188
0.0003223419189453125
-0.0013275146484375
-0.00058078765869140625
0.000762939453125
0.00074291229248046875
0.00023651123046875
-0.00052642822265625
0.000171661376953125
-0.00152587890625
0.00335693359375
0.0007686614990234375
0.000118255615234375
-0.0015716552734375
0.0015106201171875
0.00025177001953125
0.000152587890625
-0.000335693359375
0.000156402587890625
0.00146484375
-0.0005645751953125
0.0018157958984375
6.103515625e-05
-0.00319671630859375
-0.0030670166015625
0.00084686279296875
-0.0001983642578125
-0.005706787109375
0.0019683837890625
0.000400543212890625
0.002170562744140625
0.0010528564453125
-0.00084686279296875
-0.001251220703125
0.000957489013671875
-0.0011444091796875
0.000408172607421875
0.000171661376953125
-0.0013580322265625
-0.0006103515625
-0.0004978179931640625
-0.000274658203125
-3.814697265625e-05
0.000637054443359375
0.001583099365234375
0.000507354736328125
-0.000949859619140625
8.20159912109375e-05
-0.00051116943359375
-3.4332275390625e-05
8.678436279296875e-05
-2.47955322265625e-05
-0.0001163482666015625
-0.000225067138671875
0.00032854080200195312
-6.103515625e-05
0.0001964569091796875
-0.000583648681640625
6.771087646484375e-05
0.00046253204345703125
0.0004367828369140625
-0.001117706298828125
0.0004367828369140625
-0.00049591064453125
-0.001735687255859375
0.0003662109375
0.000240325927734375
-0.000484466552734375
0.001338958740234375
-0.0005741119384765625
-0.001178741455078125
-0.00041961669921875
0.0007781982421875
-0.0024261474609375
0.0029449462890625
-0.0010833740234375
-0.00086212158203125
0.00138092041015625
-0.002471923828125
0.000400543212890625
-0.002899169921875
0.001739501953125
0.00373077392578125
0.00244903564453125
-0.0023193359375
-0.0017547607421875
0.0063629150390625
-0.00156402587890625
0.0009307861328125
-0.00147247314453125
0.0012664794921875
-0.002410888671875
-0.005615234375
0.001617431640625
-0.00119781494140625
-0.0002269744873046875
0.0003509521484375
-0.00273895263671875
0.0026264190673828125
-0.0012969970703125
0.00030422210693359375
-0.0002918243408203125
-0.00151824951171875
0.000972747802734375
-4.1961669921875e-05
0.000133514404296875
0.00029754638671875
0.000133514404296875
-0.000911712646484375
6.4849853515625e-05
9.5367431640625e-05
-0.0005474090576171875
0.000408172607421875
-0.000736236572265625
-0.0010280609130859375
0.000732421875
8.106231689453125e-06
0.00089263916015625
-8.7738037109375e-05
0.00014495849609375
-5.817413330078125e-05
-0.000904083251953125
-0.00023651123046875
-4.9591064453125e-05
-0.00125885009765625
0.00031280517578125
0.00033855438232421875
0.00030517578125
8.96453857421875e-05
-0.00038814544677734375
-0.000339508056640625
0.0008716583251953125
-2.6702880859375e-05
0.0001068115234375
-0.00046443939208984375
-0.00017547607421875
-0.00060272216796875
0.0007915496826171875
-0.00089263916015625
-6.1511993408203125e-05
0.000423431396484375
-0.0003147125244140625
0.001312255859375
0.00012969970703125
0.00074005126953125
0.0029296875
0.0032501220703125
-0.006927490234375
-0.003387451171875
-0.00197601318359375
0.00154876708984375
0.0025482177734375
-0.00531768798828125
-8.392333984375e-05
-0.00089263916015625
0.0015106201171875
0.00323486328125
-0.001644134521484375
-0.0001373291015625
0.001953125
-0.00032806396484375
-0.00101470947265625
0.0002803802490234375
-0.0002288818359375
-0.0006256103515625
-0.0002899169921875
-0.0001373291015625
-6.29425048828125e-05
-9.059906005859375e-05
8.392333984375e-05
0.000293731689453125
-0.000244140625
-0.000301361083984375
-0.000400543212890625
0.000194549560546875
0.0003337860107421875
0.0001544952392578125
0.0001811981201171875
-0.0003814697265625
0.000141143798828125
0.0
-0.00025606155395507812
-0.00015735626220703125
0.000194549560546875
-4.76837158203125e-05
8.7738037109375e-05
9.5367431640625e-05
0.001049041748046875
-0.0013275146484375
-0.0008544921875
0.000171661376953125
-0.0006656646728515625
0.00028228759765625
0.000659942626953125
-0.000972747802734375
-0.00113677978515625
0.0011444091796875
-0.00084686279296875
8.58306884765625e-05
0.000270843505859375
0.00014019012451171875
9.1552734375e-05
-0.000568389892578125
-0.0008697509765625
0.00032925605773925781
-0.00070953369140625
0.00037384033203125
8.0108642578125e-05
-0.00274658203125
0.0006256103515625
-0.000335693359375
0.0012969970703125
-0.002227783203125
-0.00228118896484375
9.1552734375e-05
-0.0029296875
-0.0003204345703125
-0.0055084228515625
-0.000240325927734375
-0.0053558349609375
-0.0010662078857421875
-0.00136566162109375
-0.0023345947265625
-0.0001373291015625
0.000946044921875
0.000194549560546875
-0.000148773193359375
0.000217437744140625
0.0002460479736328125
0.00033855438232421875
-0.00019073486328125
-0.00077056884765625
0.00043964385986328125
0.00029754638671875
0.000179290771484375
-0.00061798095703125
-0.0005035400390625
0.000301361083984375
-0.00049591064453125
-0.000156402587890625
-0.000469207763671875
-0.0006256103515625
0.000385284423828125
-5.340576171875e-05
-2.193450927734375e-05
-0.00038909912109375
-0.00067138671875
-0.00040340423583984375
-0.00027751922607421875
0.0004482269287109375
0.000469207763671875
0.000247955322265625
0.0003662109375
-0.0003185272216796875
-0.000324249267578125
0.001251220703125
3.4332275390625e-05
0.0009307861328125
1.1444091796875e-05
-0.000690460205078125
0.0001983642578125
0.00112152099609375
0.0009765625
1.9073486328125e-06
0.000152587890625
-0.000659942626953125
-7.534027099609375e-05
-0.00090789794921875
0.0023651123046875
0.00104522705078125
0.00127410888671875
-0.00164031982421875
0.00087738037109375
-0.00164794921875
-0.0072021484375
-0.0003662109375
0.0023345947265625
0.0065155029296875
0.008514404296875
-0.0009613037109375
-0.000946044921875
0.00287628173828125
0.0001068115234375
0.00213623046875
-0.00028228759765625
0.001056671142578125
0.00240325927734375
-0.00020599365234375
-0.00084686279296875
-0.00148773193359375
-5.8650970458984375e-05
0.00095367431640625
-0.00025177001953125
-0.00107574462890625
0.00021076202392578125
0.000774383544921875
-0.0004215240478515625
0.000476837158203125
-0.00057220458984375
3.0517578125e-05
0.0001659393310546875
-9.34600830078125e-05
0.0002040863037109375
0.0003261566162109375
1.9073486328125e-05
-0.00011539459228515625
-0.0001392364501953125
-0.0005950927734375
8.96453857421875e-05
-0.000518798828125
0.0004558563232421875
-0.000946044921875
0.0001430511474609375
-0.0010700225830078125
-0.0001392364501953125
0.0001163482666015625
-0.000640869140625
-0.000164031982421875
-0.000164031982421875
0.0003185272216796875
-0.0001277923583984375
-0.001567840576171875
0.000202178955078125
0.00014910101890563965
0.001033782958984375
0.00048065185546875
-0.0007801055908203125
-0.00060272216796875
-0.001129150390625
-0.00022125244140625
0.00012969970703125
-0.00044155120849609375
-0.000640869140625
-0.0005626678466796875
0.000396728515625
0.0025634765625
-0.001800537109375
-0.0052947998046875
0.00064849853515625
-0.001220703125
-0.0024871826171875
0.000640869140625
-0.000690460205078125
0.0030517578125
-0.001495361328125
-0.000762939453125
0.00238037109375
0.00141143798828125
0.0013790130615234375
7.62939453125e-06
0.000213623046875
0.00083160400390625
-0.000423431396484375
0.00035524368286132812
0.002410888671875
0.0002880096435546875
-0.0002040863037109375
-0.00040149688720703125
-0.000457763671875
-0.0007457733154296875
0.000331878662109375
-0.001049041748046875
1.52587890625e-05
-0.000263214111328125
0.000484466552734375
0.000396728515625
-0.0008087158203125
-0.000942230224609375
-0.000732421875
-1.52587890625e-05
0.0001087188720703125
-0.00023651123046875
0.0005035400390625
0.0004482269287109375
0.00018310546875
0.00017547607421875
5.53131103515625e-05
-3.814697265625e-06
0.0004062652587890625
0.000370025634765625
-0.00012302398681640625
0.00044345855712890625
0.001781463623046875
-0.00016856193542480469
-0.00225067138671875
-0.0022735595703125
-8.392333984375e-05
0.0013141632080078125
0.0007381439208984375
-0.0008087158203125
-0.00064182281494140625
-0.000537872314453125
-8.20159912109375e-05
-7.534027099609375e-05
0.0003681182861328125
2.288818359375e-05
0.0015869140625
-0.000705718994140625
-0.00069427490234375
-0.00029754638671875
0.0013027191162109375
0.0015411376953125
-0.000946044921875
-0.00052642822265625
-0.00360107421875
0.001796722412109375
0.0054473876953125
0.004055023193359375
0.003265380859375
0.0009765625
-0.0006561279296875
0.00113677978515625
0.002635955810546875
-0.001056671142578125
4.1961669921875e-05
0.00199127197265625
0.0001220703125
0.0001220703125
0.0005626678466796875
0.0017108917236328125
0.001270294189453125
0.0007781982421875
-0.0003986358642578125
0.0001087188720703125
0.00151824951171875
0.00076889991760253906
-0.000885009765625
-0.002048492431640625
0.000263214111328125
0.00075531005859375
-0.00102996826171875
0.000537872314453125
0.0005779266357421875
0.00020313262939453125
-0.0002193450927734375
0.00018262863159179688
8.392333984375e-05
0.0003261566162109375
-0.00083160400390625
-0.00112152099609375
0.000598907470703125
-0.00047969818115234375
-0.000492095947265625
-0.00027918815612792969
5.340576171875e-05
-0.00030040740966796875
0.000461578369140625
0.0003662109375
-0.00084972381591796875
-0.000263214111328125
-0.0005645751953125
-0.000308990478515625
-0.00057220458984375
-0.000179290771484375
0.000553131103515625
0.00012111663818359375
0.0005035400390625
0.000507354736328125
-0.00052642822265625
0.00037384033203125
0.000713348388671875
5.340576171875e-05
0.00025272369384765625
0.001178741455078125
-0.00043487548828125
-0.0022735595703125
-0.00042724609375
0.003082275390625
0.002349853515625
0.00140380859375
-0.001556396484375
0.001434326171875
-0.004119873046875
-0.006195068359375
0.0015411376953125
0.000156402587890625
0.000225067138671875
0.0004863739013671875
-2.6702880859375e-05
-0.000797271728515625
4.76837158203125e-05
-0.00095367431640625
-0.00074005126953125
4.1961669921875e-05
-0.000347137451171875
4.9591064453125e-05
0.000110626220703125
0.001422882080078125
0.0005645751953125
-0.00147247314453125
0.000339508056640625
0.000518798828125
-1.430511474609375e-05
-0.0001926422119140625
0.00075531005859375
0.00067138671875
0.00069427490234375
3.24249267578125e-05
-2.956390380859375e-05
-4.76837158203125e-05
0.0003681182861328125
-0.0003376007080078125
0.000446319580078125
-0.00024867057800292969
7.2956085205078125e-05
0.000545501708984375
-0.000125885009765625
-0.00017547607421875
0.000675201416015625
4.38690185546875e-05
2.6702880859375e-05
0.000431060791015625
0.00028514862060546875
-0.000640869140625
0.000518798828125
5.7220458984375e-05
-0.0015239715576171875
0.000812530517578125
-0.001323699951171875
4.76837158203125e-06
-0.00067901611328125
0.000324249267578125
0.000640869140625
0.0009765625
-0.000293731689453125
0.001079559326171875
-0.001041412353515625
0.0006504058837890625
-0.00020599365234375
-0.000888824462890625
-0.0025634765625
-0.003509521484375
0.00059223175048828125
0.00115966796875
0.00152587890625
0.0003662109375
-0.0035552978515625
0.00665283203125
0.000701904296875
0.0052642822265625
-0.0006771087646484375
0.0006694793701171875
-0.0010223388671875
0.0002460479736328125
-0.00168609619140625
0.000377655029296875
-0.00043725967407226562
0.00028514862060546875
0.000492095947265625
-0.00091552734375
0.0001068115234375
0.00057888031005859375
0.0002117156982421875
0.0003261566162109375
0.0002593994140625
7.2479248046875e-05
-0.00098419189453125
-2.193450927734375e-05
3.0517578125e-05
-0.0001964569091796875
0.00042819976806640625
0.0001583099365234375
-0.000118255615234375
-3.62396240234375e-05
0.0001468658447265625
-0.00014495849609375
3.24249267578125e-05
-1.1444091796875e-05
0.0002593994140625
0.0005035400390625
0.00045490264892578125
-7.62939453125e-05
0.00031280517578125
0.0002384185791015625
-0.00077056884765625
-6.580352783203125e-05
-0.00011157989501953125
0.0009002685546875
0.0008106231689453125
-0.00060749053955078125
-0.000675201416015625
-0.000644683837890625
0.0004730224609375
-0.00051116943359375
0.0007476806640625
0.00091457366943359375
-0.000133514404296875
0.0010204315185546875
0.000820159912109375
0.0006256103515625
-0.00128173828125
-0.0010986328125
-0.00028705596923828125
-9.918212890625e-05
-0.0004119873046875
-0.001148223876953125
-0.0033416748046875
-0.0017185211181640625
-0.00677490234375
-0.00115203857421875
-0.0055694580078125
0.00389862060546875
0.0009765625
-0.0004062652587890625
0.000202178955078125
-0.000827789306640625
0.0003490447998046875
0.00206756591796875
0.0001888275146484375
0.0004730224609375
0.00060272216796875
-0.00058746337890625
-0.00028228759765625
-0.00035572052001953125
0.0001163482666015625
-0.0002651214599609375
5.91278076171875e-05
0.00011444091796875
0.000156402587890625
0.00081348419189453125
-0.00027751922607421875
-0.00027561187744140625
-1.33514404296875e-05
-5.340576171875e-05
-0.000865936279296875
-3.0994415283203125e-05
-0.000759124755859375
-8.0585479736328125e-05
-0.0001373291015625
0.00014495849609375
5.626678466796875e-05
0.000583648681640625
-0.000492095947265625
0.00093841552734375
-7.62939453125e-06
-0.001194000244140625
0.000885009765625
-0.0002994537353515625
-0.0005893707275390625
0.002246856689453125
-0.00011539459228515625
-0.0001430511474609375
-0.00101470947265625
-0.0011157989501953125
-0.00160980224609375
-0.00014495849609375
-0.0006084442138671875
-0.00061321258544921875
-0.000732421875
0.00016880035400390625
0.000148773193359375
-0.0004291534423828125
-0.0007610321044921875
-0.0003032684326171875
0.0007228851318359375
-0.00072479248046875
-5.2928924560546875e-05
0.00052738189697265625
0.001708984375
-0.0009002685546875
0.00058746337890625
6.866455078125e-05
-0.00152587890625
0.001556396484375
-0.004241943359375
-0.0004119873046875
-0.0001678466796875
0.00174713134765625
-0.0001583099365234375
-0.00067901611328125
-0.0009765625
-0.000980377197265625
-0.000659942626953125
0.000823974609375
-1.52587890625e-05
0.000186920166015625
0.0007476806640625
0.0004062652587890625
-0.000415802001953125
0.00023651123046875
0.00048542022705078125
0.000782012939453125
0.0003948211669921875
7.152557373046875e-05
-0.000518798828125
0.000385284423828125
-0.000667572021484375
-0.0001468658447265625
0.00160980224609375
0.002414703369140625
0.0003662109375
-0.000293731689453125
8.58306884765625e-05
-0.000331878662109375
-0.0004863739013671875
-0.000408172607421875
-0.001300811767578125
0.000324249267578125
0.00034332275390625
9.5367431640625e-06
-0.00018787384033203125
0.000286102294921875
0.0009708404541015625
0.0003070831298828125
0.001007080078125
-0.000579833984375
-0.00024485588073730469
-0.00017547607421875
-0.0006542205810546875
0.000640869140625
-0.0008716583251953125
0.000701904296875
0.0001220703125
-0.000270843505859375
0.0
-0.000286102294921875
-0.00029659271240234375
-0.000518798828125
0.00029754638671875
0.000133514404296875
6.67572021484375e-06
0.00041294097900390625
-0.0006256103515625
-0.00231170654296875
-0.001007080078125
0.002105712890625
0.0035400390625
-0.0064697265625
-0.001232147216796875
-0.001678466796875
-0.002193450927734375
0.000179290771484375
0.00081920623779296875
-7.62939453125e-05
-0.0004711151123046875
0.000751495361328125
-0.00052642822265625
-0.00020599365234375
0.00045013427734375
-0.0004425048828125
0.000217437744140625
0.0004634857177734375
-0.00032806396484375
0.0015716552734375
-0.00052642822265625
0.00031185150146484375
0.00063323974609375
-0.000110626220703125
-0.000885009765625
-0.0004215240478515625
0.0008373260498046875
6.4849853515625e-05
0.00109100341796875
0.0001163482666015625
0.00013065338134765625
-0.0008220672607421875
0.000522613525390625
1.52587890625e-05
0.00035858154296875
0.000484466552734375
0.0008087158203125
-0.000423431396484375
-0.0002651214599609375
-0.000110626220703125
0.0001277923583984375
-0.000171661376953125
-0.00049591064453125
0.0002956390380859375
0.0007419586181640625
-0.00046539306640625
0.0016021728515625
-0.00062656402587890625
0.000209808349609375
-3.528594970703125e-05
-4.57763671875e-05
0.000621795654296875
0.000896453857421875
0.0001430511474609375
-0.0003414154052734375
0.00027942657470703125
0.000415802001953125
-0.000804901123046875
0.0015411376953125
0.000640869140625
-0.0006580352783203125
0.00153350830078125
0.0004119873046875
0.0001068115234375
0.00296783447265625
-0.00186920166015625
