0.00031757354736328125
0.00214385986328125
-0.00205230712890625
-0.003475189208984375
0.002048492431640625
0.0030059814453125
-0.004146575927734375
0.00034332275390625
-0.0012054443359375
0.0001697540283203125
0.0022735595703125
-0.0034008026123046875
-0.0024871826171875
-0.0014348030090332031
-0.001117706298828125
0.0032825469970703125
-0.001338958740234375
-0.0115509033203125
-0.0057830810546875
-0.001007080078125
-9.1552734375e-05
0.0007114410400390625
0.0019683837890625
-0.0013713836669921875
0.00598907470703125
0.0035400390625
-0.0023345947265625
0.0006809234619140625
-0.001316070556640625
-0.00138092041015625
0.00099945068359375
0.00014495849609375
-0.005702972412109375
0.0048065185546875
0.01007843017578125
-0.004425048828125
0.0057220458984375
-0.001964569091796875
0.0021448135375976562
-0.0069580078125
-0.0027923583984375
0.00390625
0.0050201416015625
0.00154876708984375
-0.00334930419921875
0.00551605224609375
0.00078582763671875
0.0065460205078125
0.0016727447509765625
0.0049591064453125
0.00745391845703125
-0.0004730224609375
0.0018768310546875
-0.0016460418701171875
-0.0002899169921875
-0.002101898193359375
0.00408172607421875
-0.002567291259765625
0.0016632080078125
0.0017852783203125
-0.00058746337890625
0.00714111328125
-0.000682830810546875
-0.0035400390625
0.0080718994140625
0.000133514404296875
0.00121307373046875
-0.002040863037109375
-0.00323486328125
0.00147247314453125
-0.0036468505859375
-0.0015106201171875
-0.0006771087646484375
0.000194549560546875
-0.005939483642578125
-4.1961669921875e-05
0.001834869384765625
1.52587890625e-05
0.00119781494140625
-0.0042266845703125
-0.0003795623779296875
-0.00113677978515625
0.0023040771484375
0.00336456298828125
0.00463104248046875
0.0048370361328125
0.005401611328125
-0.0036468505859375
0.0013427734375
0.00244903564453125
-0.00164794921875
0.00984954833984375
-0.001682281494140625
-7.62939453125e-05
-0.002605438232421875
0.004032135009765625
0.0056610107421875
0.0024871826171875
-0.0013427734375
0.00016021728515625
0.001010894775390625
0.00444793701171875
-0.0056915283203125
-0.0008220672607421875
0.00342559814453125
-0.004505157470703125
0.0009307861328125
-0.00057220458984375
-0.007232666015625
-0.001861572265625
0.0004634857177734375
0.0033721923828125
0.00167083740234375
0.003650665283203125
0.00342559814453125
-1.52587890625e-05
-0.00311279296875
0.0045013427734375
-0.0016422271728515625
0.0014219284057617188
-0.0063934326171875
0.0041408538818359375
0.00243377685546875
0.005218505859375
-0.000469207763671875
-0.00055074691772460938
-0.00160980224609375
0.000522613525390625
-0.005245208740234375
0.00067138671875
-0.001842498779296875
0.002712249755859375
0.00150299072265625
-0.00734710693359375
0.00167083740234375
0.00298309326171875
-0.001010894775390625
-0.001373291015625
-0.00124359130859375
0.00122833251953125
0.00347137451171875
-0.0037841796875
-0.0033206939697265625
-0.00023651123046875
0.0013275146484375
0.00901031494140625
0.00212860107421875
-0.003452301025390625
-0.003490447998046875
0.00238800048828125
-0.0041046142578125
0.00310516357421875
-0.0014495849609375
-0.00060272216796875
0.00237274169921875
-0.0020904541015625
0.00646209716796875
0.00152587890625
0.00800323486328125
-0.0058746337890625
-0.0052947998046875
0.000171661376953125
-0.00194549560546875
-0.005126953125
0.0015430450439453125
0.00662994384765625
0.000774383544921875
0.0034027099609375
0.0006103515625
-0.003841400146484375
-0.00164794921875
-0.003997802734375
0.005222320556640625
-0.003452301025390625
-0.005615234375
0.00084686279296875
-0.00327301025390625
0.0063323974609375
-0.00360107421875
0.003360748291015625
-0.002658843994140625
0.00063323974609375
-0.0084686279296875
0.0008373260498046875
-0.0011072158813476562
-0.00168609619140625
0.0001010894775390625
-9.918212890625e-05
-0.0006656646728515625
0.00264739990234375
-6.29425048828125e-05
0.003238677978515625
-0.00063323974609375
0.0024261474609375
0.0057220458984375
0.003353118896484375
0.0014352798461914062
0.0002918243408203125
0.0016121864318847656
-0.00286865234375
4.00543212890625e-05
-0.0005035400390625
-0.00139617919921875
0.00292205810546875
-0.0001220703125
-0.0009613037109375
0.002079010009765625
-0.0030117034912109375
-0.00206756591796875
-0.00426483154296875
0.00035858154296875
-0.0001506805419921875
-0.008575439453125
0.004547119140625
0.004058837890625
0.00133514404296875
-0.002777099609375
0.00272369384765625
0.008331298828125
-0.00171661376953125
0.00617218017578125
0.002593994140625
0.002960205078125
-0.0037384033203125
0.00048828125
0.003509521484375
-0.001495361328125
0.0015716552734375
-0.0022735595703125
-0.0040435791015625
0.00609588623046875
-0.00200653076171875
0.005931854248046875
0.002704620361328125
-0.001251220703125
-0.007110595703125
-0.001941680908203125
0.000492095947265625
-0.00586700439453125
-0.0005512237548828125
0.00196075439453125
-0.002864837646484375
-0.002902984619140625
-0.000705718994140625
0.004283905029296875
-0.00499725341796875
-0.0030517578125
0.00086212158203125
0.00341033935546875
0.00031280517578125
0.0013580322265625
-0.0034732818603515625
-0.0019121170043945312
-0.00820159912109375
0.0006084442138671875
0.0025634765625
0.0031890869140625
0.00031280517578125
0.0004634857177734375
0.0008182525634765625
0.002162933349609375
0.00060367584228515625
-0.00098896026611328125
0.00042724609375
0.003833770751953125
-0.001068115234375
0.000858306884765625
1.1444091796875e-05
-0.0016632080078125
-0.00699615478515625
-0.000843048095703125
0.00016021728515625
0.00353240966796875
0.0007305145263671875
-0.0015716552734375
-0.005069732666015625
0.002620697021484375
0.0039215087890625
-0.000263214111328125
0.0069732666015625
-0.0033416748046875
-0.00157928466796875
-0.003448486328125
-0.0019989013671875
-0.000957489013671875
0.0004863739013671875
0.004150390625
-0.002716064453125
-0.003322601318359375
-0.005706787109375
-0.004913330078125
0.0049285888671875
0.000457763671875
-0.00638580322265625
-0.000247955322265625
-0.00080108642578125
-0.0006866455078125
0.00197601318359375
-0.001312255859375
-0.0015468597412109375
-0.00548553466796875
-0.00084686279296875
0.001556396484375
-0.0017528533935546875
-0.001216888427734375
0.001911163330078125
0.0019130706787109375
-0.001712799072265625
-0.00418853759765625
0.0021514892578125
0.00087738037109375
0.0046844482421875
0.00592803955078125
-0.00118255615234375
0.00070667266845703125
1.1444091796875e-05
-0.0032196044921875
0.00263214111328125
-0.000255584716796875
-0.002239227294921875
0.000980377197265625
0.001251220703125
-0.0001621246337890625
0.00031280517578125
0.00182342529296875
-0.00815582275390625
0.002796173095703125
-0.0057373046875
-0.0018310546875
-0.00760650634765625
0.002552032470703125
-0.00022125244140625
0.0033016204833984375
-0.00240325927734375
0.00077056884765625
0.00417327880859375
0.003749847412109375
-0.00260162353515625
0.001575469970703125
-0.0022735595703125
-0.002437591552734375
-0.002574920654296875
0.00240325927734375
0.0058135986328125
-0.003513336181640625
0.006317138671875
0.0031280517578125
-0.000762939453125
-0.00485992431640625
0.0072479248046875
0.0040130615234375
-0.00085854530334472656
-0.003265380859375
3.910064697265625e-05
-0.0011444091796875
-0.003650665283203125
0.000843048095703125
0.00537872314453125
0.003101348876953125
-0.0062103271484375
-0.001331329345703125
-0.00506591796875
0.006072998046875
-0.0024871826171875
-0.0009765625
0.0001087188720703125
-0.00545501708984375
0.00049591064453125
0.00097370147705078125
-0.00588226318359375
0.00693511962890625
0.003810882568359375
0.001522064208984375
0.00131988525390625
-0.00592041015625
0.00717926025390625
-0.002956390380859375
0.0032196044921875
-0.00028324127197265625
0.001285552978515625
-0.0001373291015625
-0.002422332763671875
0.001102447509765625
-0.00052642822265625
-0.00788116455078125
0.0006427764892578125
5.7220458984375e-06
0.0029144287109375
-0.004489898681640625
-0.000244140625
-0.00554656982421875
0.0033087730407714844
-0.004791259765625
0.001312255859375
-0.0022411346435546875
-0.001338958740234375
-0.001251220703125
-0.00363922119140625
-9.5367431640625e-05
-0.004486083984375
-0.00093841552734375
0.0011692047119140625
0.009185791015625
-0.00125885009765625
0.002346038818359375
0.003391265869140625
0.00252532958984375
0.00206756591796875
-0.000484466552734375
-0.006351470947265625
-0.0019207000732421875
0.00101470947265625
0.00212860107421875
0.000732421875
-0.00875091552734375
-0.0019989013671875
0.0010223388671875
-0.0061187744140625
0.006927490234375
-0.004364013671875
0.000713348388671875
0.003955841064453125
-0.00157928466796875
-0.000469207763671875
0.0015716552734375
-0.003875732421875
-0.0017271041870117188
-0.00264739990234375
-0.000396728515625
-0.0032501220703125
0.00252532958984375
0.00263214111328125
-0.00051116943359375
0.002178192138671875
-0.00406646728515625
0.0019989013671875
0.0015316009521484375
-0.00035178661346435547
-0.00086116790771484375
-0.001735687255859375
-0.00745391845703125
0.0021209716796875
0.001750946044921875
-0.00244140625
0.000377655029296875
-0.001007080078125
0.0011730194091796875
-0.004608154296875
0.000965118408203125
0.00508880615234375
0.002269744873046875
0.0021877288818359375
0.000640869140625
-0.00025606155395507812
0.006072998046875
-0.00424957275390625
-0.00548553466796875
-0.000835418701171875
0.0004634857177734375
9.918212890625e-05
-0.001190185546875
0.002483367919921875
0.0016803741455078125
0.0052490234375
0.001560211181640625
-0.000385284423828125
-0.00183868408203125
0.00018310546875
-0.000873565673828125
-0.00076961517333984375
-0.0056610107421875
-0.00119781494140625
0.000240325927734375
0.0057373046875
-0.002841949462890625
-0.0025768280029296875
0.0001373291015625
0.0010528564453125
-3.4332275390625e-05
-0.00188446044921875
-0.0050811767578125
0.00131988525390625
0.002593994140625
-0.008209228515625
-0.00630950927734375
-0.000850677490234375
-0.00109100341796875
0.0047149658203125
-0.0042877197265625
0.00726318359375
0.0005435943603515625
0.0067596435546875
-0.0056915283203125
-0.0010986328125
-0.00030612945556640625
-0.00298309326171875
0.00030517578125
0.00139617919921875
0.00037479400634765625
-0.00170135498046875
0.002655029296875
0.00103759765625
-0.0007877349853515625
0.003353118896484375
0.0017595291137695312
-0.0005855560302734375
0.00042724609375
-0.00059604644775390625
0.003719329833984375
-0.002532958984375
-0.002288818359375
-9.1552734375e-05
-0.00019073486328125
0.00069522857666015625
-0.0026493072509765625
-0.003662109375
0.002105712890625
-0.0018482208251953125
0.0009002685546875
-0.001300811767578125
-0.00312042236328125
0.003787994384765625
-0.00238800048828125
0.00106048583984375
0.001689910888671875
0.00534820556640625
-0.00171661376953125
-0.0045013427734375
-0.003173828125
-0.000560760498046875
0.00405120849609375
-0.0009307861328125
-0.00152587890625
0.0033416748046875
0.00476837158203125
-0.00508880615234375
-0.002132415771484375
0.0023899078369140625
0.002185821533203125
-0.003448486328125
0.000762939453125
0.0018310546875
-0.002777099609375
0.0003108978271484375
-0.0035858154296875
0.0016632080078125
0.00188446044921875
-0.003353118896484375
0.0035400390625
0.00201416015625
-0.0003681182861328125
0.00336456298828125
-0.00388336181640625
-0.00328826904296875
0.000919342041015625
-0.00449371337890625
-0.0031261444091796875
0.00543212890625
0.005523681640625
0.002178192138671875
0.000591278076171875
0.00183868408203125
0.000331878662109375
1.9073486328125e-05
-0.0072479248046875
0.0035276412963867188
-0.0017547607421875
0.0010528564453125
-0.001434326171875
-0.0004673004150390625
-0.002826690673828125
0.0012149810791015625
-0.004550933837890625
-0.00151824951171875
0.00229644775390625
-0.000606536865234375
-0.0088958740234375
-0.00467681884765625
0.00360870361328125
-0.00147247314453125
-0.00069427490234375
0.0016021728515625
0.000118255615234375
-0.00621795654296875
0.0019826889038085938
-0.00035858154296875
-0.00156402587890625
0.0014095306396484375
0.003711700439453125
0.00196075439453125
-0.0004291534423828125
0.00215911865234375
0.0004425048828125
0.00550079345703125
-0.00279998779296875
0.00234222412109375
0.001178741455078125
0.00209808349609375
-0.000293731689453125
0.001598358154296875
-0.004199981689453125
0.0028076171875
-0.00029659271240234375
0.00232696533203125
0.00279998779296875
-0.002353668212890625
0.001049041748046875
0.0031080245971679688
-0.0014219284057617188
-0.0062408447265625
-0.00124359130859375
0.001941680908203125
-0.00428009033203125
0.00350189208984375
0.0019969940185546875
0.000209808349609375
-0.00045299530029296875
-0.0028057098388671875
-0.00470733642578125
-0.0012493133544921875
0.000812530517578125
-0.004314422607421875
-0.002628326416015625
-0.0029449462890625
-0.001804351806640625
0.00373077392578125
-0.002735137939453125
0.00731658935546875
-0.0002155303955078125
0.00165557861328125
-0.00199127197265625
-0.0016078948974609375
-0.00341033935546875
-0.001773834228515625
0.0021209716796875
0.00119781494140625
0.002124786376953125
0.00608062744140625
0.0020685195922851562
0.0027141571044921875
-0.000675201416015625
-0.0045623779296875
-0.00046539306640625
0.00281524658203125
0.00501251220703125
0.002628326416015625
-0.00153350830078125
0.001956939697265625
-0.002109527587890625
-0.0019683837890625
-0.003543853759765625
-0.000263214111328125
0.00263214111328125
-1.33514404296875e-05
0.0058441162109375
0.0026836395263671875
0.004405975341796875
0.006072998046875
-0.00270843505859375
-0.00258636474609375
0.00144195556640625
-0.00363922119140625
-0.0060577392578125
0.00527191162109375
0.00122833251953125
-0.0016231536865234375
-0.00412750244140625
-0.00168609619140625
-0.0034942626953125
0.002899169921875
-0.00133514404296875
0.00034332275390625
-0.00054931640625
-0.0002384185791015625
0.002094268798828125
0.000278472900390625
0.00238037109375
0.00263214111328125
-0.00433349609375
-0.000133514404296875
0.0007781982421875
-0.002716064453125
-0.0019893646240234375
0.00144195556640625
0.001354217529296875
0.004177093505859375
-2.288818359375e-05
0.000843048095703125
-0.00101470947265625
-0.002227783203125
-0.001308441162109375
-0.0003261566162109375
-0.002166748046875
0.001987457275390625
0.004119873046875
-0.003749847412109375
-0.003261566162109375
0.001567840576171875
-0.00011539459228515625
-0.003200531005859375
-0.0008697509765625
0.003292083740234375
-0.00074863433837890625
-0.0023040771484375
0.002300262451171875
-0.004302978515625
-0.001689910888671875
0.003448486328125
-0.00716400146484375
0.00273895263671875
-0.0016412734985351562
0.000469207763671875
-0.002437591552734375
0.0013914108276367188
0.001056671142578125
-0.000171661376953125
0.00029087066650390625
0.0026121139526367188
-0.0038604736328125
-0.00394439697265625
0.0001220703125
-0.001659393310546875
9.1552734375e-05
-0.0044097900390625
-0.0047454833984375
0.0058135986328125
0.0022754669189453125
-0.00030517578125
-0.000682830810546875
0.00335693359375
0.00531768798828125
-0.000881195068359375
-0.00580596923828125
0.00330352783203125
-0.00052642822265625
-0.001155853271484375
-0.0016827583312988281
-0.0005359649658203125
-0.00457763671875
0.005481719970703125
-0.0028095245361328125
0.00235748291015625
0.0029296875
0.0046539306640625
-0.0012798309326171875
0.003265380859375
7.62939453125e-05
0.0029144287109375
0.00307464599609375
5.14984130859375e-05
-0.00037097930908203125
0.007598876953125
0.0010318756103515625
0.001361846923828125
-3.814697265625e-05
-0.00525665283203125
-0.0006427764892578125
-0.00443267822265625
0.0019702911376953125
-0.002552032470703125
-0.00089526176452636719
-0.00556182861328125
0.0007839202880859375
0.001232147216796875
0.004985809326171875
-0.00069904327392578125
0.00310516357421875
-0.004390716552734375
0.00469207763671875
0.0108795166015625
0.005279541015625
-0.0030364990234375
0.004787445068359375
-0.00504302978515625
-0.00354766845703125
0.00115966796875
-0.0008144378662109375
0.003875732421875
-0.00479888916015625
-0.0045013427734375
0.0017242431640625
0.001018524169921875
0.00272369384765625
-0.00380706787109375
0.003520965576171875
0.005126953125
-0.003143310546875
0.00496673583984375
0.0026092529296875
0.0010118484497070312
-0.00095367431640625
0.0009002685546875
-0.001819610595703125
-0.0015850067138671875
-0.00299835205078125
0.000576019287109375
0.0018768310546875
-0.001544952392578125
0.001888275146484375
-0.0025730133056640625
-0.001804351806640625
0.0027828216552734375
-0.00060367584228515625
0.00543212890625
-0.0010204315185546875
-0.001163482666015625
-0.0026702880859375
-0.00756072998046875
0.009124755859375
0.000743865966796875
-0.0042705535888671875
0.00278472900390625
0.00485992431640625
0.002941131591796875
-0.00046443939208984375
0.0018177032470703125
-0.00225067138671875
0.0008525848388671875
0.00201416015625
0.0002231597900390625
0.00452423095703125
0.0014095306396484375
0.003997802734375
0.0004138946533203125
-0.0003509521484375
9.918212890625e-05
0.0027313232421875
0.005489349365234375
0.001556396484375
-0.004180908203125
-0.0008640289306640625
0.005397796630859375
0.0046844482421875
0.00363922119140625
0.00273895263671875
0.000637054443359375
-0.00084686279296875
0.006610870361328125
-0.002307891845703125
-0.000812530517578125
-0.0006999969482421875
0.00470733642578125
-0.00167083740234375
0.001544952392578125
-0.001483917236328125
0.00521087646484375
0.0016021728515625
-0.013336181640625
0.000946044921875
-0.00323486328125
0.00759124755859375
-0.0056915283203125
-0.005939483642578125
0.00109100341796875
-0.001575469970703125
0.0036163330078125
-0.000946044921875
0.003818511962890625
-0.002899169921875
-0.0008335113525390625
-0.003330230712890625
0.0027370452880859375
0.00347137451171875
-0.0009307861328125
0.0021820068359375
-0.00359344482421875
-0.00025177001953125
-0.0014438629150390625
-0.0019378662109375
-0.00337982177734375
0.004970550537109375
0.00093841552734375
0.00354766845703125
-0.0017375946044921875
-0.00244903564453125
0.00176239013671875
-0.008724212646484375
0.001895904541015625
-0.003398895263671875
0.0012760162353515625
-0.0050811767578125
-0.0012998580932617188
0.00199127197265625
0.0010986328125
0.00119781494140625
0.002521514892578125
-0.0047149658203125
0.0032482147216796875
0.00365447998046875
-0.0033779144287109375
0.000751495361328125
0.0016937255859375
0.00058746337890625
0.0001678466796875
3.0517578125e-05
-0.005523681640625
0.00048828125
-0.000743865966796875
0.00447845458984375
0.0029296875
0.005817413330078125
0.00605010986328125
0.0007171630859375
0.00406646728515625
-0.0005950927734375
-0.0011963844299316406
-0.003025054931640625
-0.00115203857421875
-0.00145721435546875
-0.00982666015625
-0.0051116943359375
-0.003055572509765625
-0.0008392333984375
-0.00548553466796875
-0.003955841064453125
0.003177642822265625
-0.000217437744140625
0.001506805419921875
-0.0010995864868164062
0.004425048828125
0.000682830810546875
0.0002956390380859375
0.0014822483062744141
0.00087642669677734375
-0.00213623046875
-0.002178192138671875
-0.00072193145751953125
0.00121307373046875
-0.0006160736083984375
-0.003986358642578125
0.001800537109375
0.00390625
-0.00359344482421875
0.0023651123046875
-0.00183868408203125
0.0013885498046875
0.00079345703125
-0.003009796142578125
0.003814697265625
-0.00028133392333984375
-0.0002593994140625
-0.001934051513671875
0.0004253387451171875
0.0030651092529296875
-0.00042259693145751953
0.00013446807861328125
-0.001987457275390625
0.002094268798828125
-5.53131103515625e-05
-0.00372314453125
-0.00433349609375
-0.0005474090576171875
0.0015411376953125
-0.0014781951904296875
0.0014352798461914062
-0.00336456298828125
0.00495147705078125
0.0025634765625
-0.00099945068359375
0.000713348388671875
0.000438690185546875
0.0034027099609375
-0.0079803466796875
-0.001331329345703125
-0.003170013427734375
0.0030517578125
0.00197601318359375
-0.0111236572265625
-0.0006561279296875
-0.0018157958984375
-0.00203704833984375
-0.00052642822265625
0.003704071044921875
-0.00124359130859375
0.00051116943359375
-0.000881195068359375
0.00238037109375
-0.00217437744140625
-0.00335693359375
0.0014190673828125
-0.000209808349609375
0.001827239990234375
0.00347900390625
-0.001796722412109375
-0.0021190643310546875
-2.86102294921875e-06
-0.000244140625
0.0017604827880859375
0.00182342529296875
-0.001922607421875
0.0011205673217773438
-0.002849578857421875
0.0020198822021484375
0.0007781982421875
-0.0035247802734375
0.0007171630859375
0.00162506103515625
-0.00289154052734375
-0.00112152099609375
0.002208709716796875
-0.003185272216796875
-0.00292205810546875
-0.001705169677734375
-0.003627777099609375
0.0022449493408203125
0.000335693359375
0.00182342529296875
0.00328826904296875
-0.003147125244140625
-0.00077056884765625
0.0016040802001953125
-0.0023899078369140625
-0.0013599395751953125
0.00243377685546875
0.000339508056640625
-0.000156402587890625
-0.00086688995361328125
-0.002353668212890625
-0.00140380859375
-0.00295257568359375
-0.0009765625
0.00016307830810546875
0.0020904541015625
0.00379180908203125
-0.00206756591796875
0.00193023681640625
0.000362396240234375
-0.00473785400390625
-0.00020599365234375
0.00684356689453125
0.003757476806640625
0.002593994140625
0.0012969970703125
-0.00029754638671875
0.0013713836669921875
0.00136566162109375
-0.001766204833984375
0.0012664794921875
-0.0043792724609375
0.00608062744140625
0.00048065185546875
-0.00286865234375
0.0017242431640625
-0.00414276123046875
-0.00206756591796875
-0.00557708740234375
0.0006084442138671875
0.00485992431640625
0.0008602142333984375
-0.0004863739013671875
0.0016021728515625
-0.00052356719970703125
0.0020656585693359375
-0.00112152099609375
-0.00063323974609375
0.00274658203125
-0.0011014938354492188
-0.001743316650390625
0.00060272216796875
0.00055980682373046875
0.0013866424560546875
0.000301361083984375
0.007965087890625
-0.0004177093505859375
-0.00360107421875
0.00010204315185546875
-0.002582550048828125
0.0021209716796875
0.0013895034790039062
0.006572723388671875
-0.0078582763671875
-0.005641937255859375
0.00024318695068359375
0.0016345977783203125
0.002445220947265625
0.003204345703125
0.002712249755859375
-0.0011444091796875
0.00152587890625
0.00156402587890625
-0.000232696533203125
0.00118255615234375
-0.001300811767578125
0.0012664794921875
5.340576171875e-05
-0.00460052490234375
-0.0023250579833984375
-0.000118255615234375
-0.002376556396484375
-0.00363922119140625
-0.00359344482421875
-0.000522613525390625
0.00489044189453125
0.008148193359375
0.001300811767578125
0.003177642822265625
0.005584716796875
-0.001964569091796875
-0.00247955322265625
-0.0098419189453125
0.002353668212890625
-7.62939453125e-06
0.0004730224609375
-0.00481414794921875
0.00081634521484375
0.0041046142578125
-0.00087738037109375
0.00560760498046875
0.0025177001953125
-0.00244140625
-0.0010242462158203125
-0.003391265869140625
-0.0019769668579101562
0.0017375946044921875
-0.0023403167724609375
-0.00069761276245117188
0.0001697540283203125
0.00080013275146484375
-0.002197265625
0.001190185546875
0.00018310546875
-0.002826690673828125
-0.0001506805419921875
0.002368927001953125
-0.00089263916015625
-0.0011920928955078125
-0.001247406005859375
-0.00022125244140625
0.00075531005859375
0.00113677978515625
-0.00103759765625
0.0015201568603515625
-0.002239227294921875
0.00365447998046875
0.0043487548828125
0.0004730224609375
0.00251007080078125
-0.001674652099609375
0.00469970703125
0.0012359619140625
0.00042247772216796875
-0.000518798828125
0.00156402587890625
0.0033416748046875
-3.62396240234375e-05
-0.00295257568359375
0.0022535324096679688
0.003326416015625
-0.007572174072265625
0.001712799072265625
-0.00130462646484375
0.002193450927734375
-0.001399993896484375
0.00251007080078125
0.00091552734375
0.003326416015625
0.00371551513671875
-0.00540924072265625
0.00272369384765625
0.000690460205078125
0.001190185546875
0.001628875732421875
-0.00125885009765625
0.00704193115234375
0.000980377197265625
-0.0038890838623046875
-0.00368499755859375
-0.004486083984375
0.0035858154296875
-0.004283905029296875
0.001483917236328125
-5.7220458984375e-06
-0.0035858154296875
-0.001300811767578125
0.0002193450927734375
0.0028972625732421875
-0.00145721435546875
0.00154876708984375
0.0007991790771484375
-0.0013179779052734375
-5.626678466796875e-05
0.0009918212890625
0.001194000244140625
-1.9073486328125e-05
-0.00171661376953125
0.0007686614990234375
0.0019435882568359375
-0.0010042190551757812
-0.00051927566528320312
0.000492095947265625
-0.00514984130859375
0.002323150634765625
-0.00043392181396484375
-0.005016326904296875
0.000400543212890625
0.00142669677734375
-0.0063934326171875
0.0016260147094726562
-0.00374603271484375
-0.0018863677978515625
-0.004302978515625
4.9591064453125e-05
0.00035953521728515625
-0.001247406005859375
0.003688812255859375
0.00152587890625
0.005252838134765625
0.00034332275390625
-0.00167083740234375
-0.00142669677734375
-0.000980377197265625
-0.002376556396484375
0.0036163330078125
-0.00128936767578125
0.0005645751953125
-0.004474639892578125
0.0008697509765625
-0.004474639892578125
0.001373291015625
0.00214385986328125
-0.0005626678466796875
0.0085906982421875
0.003276824951171875
-0.000244140625
0.0010623931884765625
0.00556182861328125
0.0039825439453125
-0.000293731689453125
-0.00539398193359375
0.0048675537109375
-0.00579071044921875
0.005680084228515625
-0.00015020370483398438
-7.43865966796875e-05
0.0007305145263671875
-0.000782012939453125
0.00164794921875
0.00392913818359375
-0.001995086669921875
-0.000865936279296875
0.00034785270690917969
-0.00318145751953125
0.001201629638671875
-0.002197265625
0.00200653076171875
-0.0012302398681640625
0.00119781494140625
-0.00096654891967773438
-0.0011386871337890625
0.0004482269287109375
0.00275421142578125
-0.0019989013671875
0.0010423660278320312
0.00110626220703125
-0.00059795379638671875
-0.0012388229370117188
-0.002132415771484375
0.00139617919921875
0.00460052490234375
-0.002193450927734375
0.0015621185302734375
0.0010805130004882812
-0.000518798828125
-0.00222015380859375
0.0009593963623046875
-0.0015277862548828125
0.002933502197265625
-3.0517578125e-05
-0.0005645751953125
-0.005214691162109375
-0.003814697265625
1.9073486328125e-06
-0.000461578369140625
-0.002841949462890625
0.000720977783203125
0.0015869140625
0.0018053054809570312
0.002552032470703125
0.003124237060546875
-0.001735687255859375
0.001979827880859375
-0.00334930419921875
0.00157928466796875
0.001026153564453125
0.00336456298828125
0.0042877197265625
-0.0006961822509765625
-0.00449371337890625
0.00688934326171875
-0.0003204345703125
-0.00392913818359375
-0.00513458251953125
-0.00530242919921875
0.002269744873046875
-0.00547027587890625
-0.000202178955078125
-0.001911163330078125
0.000514984130859375
-0.001537322998046875
0.0026702880859375
-0.00099945068359375
-0.001209259033203125
-0.00146484375
-0.001491546630859375
0.00362396240234375
-0.0007457733154296875
0.001117706298828125
-0.00017070770263671875
-0.000244140625
-0.00031566619873046875
0.00029349327087402344
-0.000324249267578125
0.0007076263427734375
-2.765655517578125e-05
0.00038909912109375
-0.0012340545654296875
0.0008411407470703125
0.000286102294921875
-0.00038814544677734375
0.002368927001953125
0.000598907470703125
-4.863739013671875e-05
-0.001979827880859375
-0.00122833251953125
0.00177001953125
0.00226593017578125
0.0018157958984375
0.0015869140625
0.00301361083984375
0.00469207763671875
-0.0039081573486328125
-0.00414276123046875
0.001384735107421875
0.0021514892578125
0.0066986083984375
0.000492095947265625
0.00110626220703125
0.0052642822265625
0.002777099609375
0.004974365234375
0.001708984375
0.00270843505859375
0.004852294921875
-0.000274658203125
0.00504302978515625
-0.00202178955078125
-0.009735107421875
0.002300262451171875
-0.004608154296875
-0.0084228515625
0.0007305145263671875
-0.00981903076171875
-0.005161285400390625
0.0045013427734375
0.004932403564453125
-0.00211334228515625
0.00218963623046875
0.00780487060546875
0.00347137451171875
-0.000675201416015625
-0.000732421875
0.00440216064453125
4.57763671875e-05
-0.000362396240234375
0.00595855712890625
-0.00063323974609375
0.0015506744384765625
0.0014476776123046875
0.00090122222900390625
-0.0010175704956054688
-0.0008831024169921875
-0.000865936279296875
-0.00072956085205078125
0.001251220703125
-0.001544952392578125
-0.00112152099609375
-0.00058650970458984375
0.003215789794921875
-0.0014247894287109375
0.00073719024658203125
0.000690460205078125
0.000370025634765625
0.002010345458984375
-0.00226593017578125
-0.0014820098876953125
0.001186370849609375
0.00159454345703125
0.0020244121551513672
0.00050592422485351562
0.00290679931640625
0.00168609619140625
-0.002475738525390625
-0.0028095245361328125
-0.001491546630859375
0.0011768341064453125
-0.00493621826171875
-8.96453857421875e-05
-0.00814056396484375
0.0012197494506835938
0.0045166015625
-0.000579833984375
-0.003559112548828125
-0.004421234130859375
0.001132965087890625
-0.00453948974609375
0.00347137451171875
-0.00377655029296875
0.00899505615234375
-0.0006103515625
0.003459930419921875
-0.002109527587890625
-0.00335693359375
-0.0084381103515625
0.001430511474609375
0.01143646240234375
0.000244140625
0.0103912353515625
-0.0142364501953125
0.003875732421875
0.0038604736328125
0.0003509521484375
4.9591064453125e-05
0.00141143798828125
-0.00042724609375
0.002567291259765625
-0.00365447998046875
0.003757476806640625
-0.005458831787109375
3.24249267578125e-05
-0.0020294189453125
0.00055217742919921875
-0.00092220306396484375
0.00057125091552734375
-0.0016803741455078125
-0.00089359283447265625
0.00035381317138671875
0.00022172927856445312
0.000438690185546875
0.0019769668579101562
-0.001728057861328125
-0.002201080322265625
0.000919342041015625
-0.0013751983642578125
1.9073486328125e-05
0.0010538101196289062
-5.626678466796875e-05
-0.00096416473388671875
-0.0012998580932617188
0.0002899169921875
0.0012054443359375
0.00010585784912109375
0.001804351806640625
5.91278076171875e-05
-0.0019550323486328125
-0.0020618438720703125
-0.0057830810546875
0.000354766845703125
0.004474639892578125
-0.0014781951904296875
0.003570556640625
0.00051116943359375
0.00461578369140625
-0.00154876708984375
0.0039520263671875
-0.001071929931640625
-0.0021514892578125
-0.006134033203125
-0.00168609619140625
-0.00846099853515625
0.0017032623291015625
0.004421234130859375
-0.00634765625
-0.00445556640625
0.000415802001953125
0.0036773681640625
-0.0094146728515625
-0.0001220703125
-0.0051422119140625
-0.0045013427734375
0.0006389617919921875
0.002349853515625
0.00106048583984375
-0.00714111328125
0.00311279296875
-0.0030345916748046875
0.004383087158203125
-0.00370025634765625
-9.1552734375e-05
0.000743865966796875
0.00251007080078125
-0.002330780029296875
-0.003757476806640625
0.00049304962158203125
0.001621246337890625
-0.00131988525390625
-0.0015630722045898438
0.0023860931396484375
0.0001983642578125
0.0015201568603515625
-0.00025177001953125
-0.000843048095703125
-0.0001392364501953125
0.00062274932861328125
0.001743316650390625
-2.002716064453125e-05
0.0014104843139648438
2.6702880859375e-05
-0.0003719329833984375
-0.0009918212890625
-0.00116729736328125
0.00189208984375
0.0010695457458496094
-0.00177001953125
-0.002147674560546875
-0.0006561279296875
-0.000164031982421875
-0.0006618499755859375
0.000843048095703125
0.0005207061767578125
0.000469207763671875
0.0064849853515625
0.001834869384765625
0.001800537109375
0.0005054473876953125
-0.005519866943359375
-0.002147674560546875
-0.00592803955078125
-0.004886627197265625
-0.0046234130859375
0.001842498779296875
0.003681182861328125
0.001605987548828125
-0.0028076171875
-0.0017528533935546875
0.00281524658203125
-0.0008182525634765625
-0.001399993896484375
0.000316619873046875
0.00128173828125
0.00012969970703125
-0.004222869873046875
0.00079345703125
-0.00814056396484375
0.00848388671875
0.00457000732421875
-0.000560760498046875
0.00370025634765625
-0.0010986328125
0.0023193359375
-7.2479248046875e-05
-0.002948760986328125
-0.0008335113525390625
-0.0011692047119140625
-0.0014858245849609375
0.002285003662109375
-0.0010509490966796875
-0.0016632080078125
-0.00058269500732421875
0.001140594482421875
0.0019397735595703125
-0.0015125274658203125
-0.00136566162109375
-3.910064697265625e-05
-0.0010833740234375
0.00012111663818359375
-0.00028133392333984375
0.001659393310546875
0.0001735687255859375
-0.00011348724365234375
0.00051712989807128906
-2.002716064453125e-05
-5.3882598876953125e-05
-0.001873016357421875
0.0015935897827148438
-0.00087261199951171875
4.38690185546875e-05
0.002048492431640625
-0.001178741455078125
-0.00026607513427734375
-0.00079345703125
-0.003856658935546875
0.00176239013671875
0.00115966796875
-0.0008697509765625
0.003421783447265625
0.001644134521484375
-0.00447845458984375
-0.0012416839599609375
0.0007171630859375
0.000576019287109375
0.003475189208984375
0.0040130615234375
-0.00106048583984375
0.0023193359375
-0.0045013427734375
-0.00156402587890625
-0.0005321502685546875
-0.0020771026611328125
-0.0008792877197265625
-0.00551605224609375
0.00127410888671875
0.0035858154296875
0.0011234283447265625
-0.00885009765625
0.000301361083984375
0.0027332305908203125
0.00151824951171875
0.00020599365234375
9.918212890625e-05
0.00344085693359375
0.00034332275390625
0.00199127197265625
-0.00322723388671875
-0.0005550384521484375
0.0017852783203125
-0.00460052490234375
-0.0010223388671875
0.00479888916015625
-0.0032501220703125
0.004398345947265625
-0.000667572021484375
-0.002025604248046875
0.00254058837890625
-0.00068378448486328125
-0.00035572052001953125
0.00304412841796875
-0.0017366409301757812
-0.0021209716796875
7.4863433837890625e-05
0.0013818740844726562
-0.00020694732666015625
0.000446319580078125
-0.001262664794921875
-0.0013904571533203125
0.00010061264038085938
-0.000217437744140625
-4.76837158203125e-05
0.0015087127685546875
-0.001522064208984375
0.00063228607177734375
0.000583648681640625
0.00107574462890625
0.00185394287109375
-0.002246856689453125
0.00225067138671875
9.1552734375e-05
-0.0065155029296875
0.00090789794921875
0.00017261505126953125
-0.004730224609375
0.00408172607421875
0.00096893310546875
0.002231597900390625
-0.00225830078125
0.000865936279296875
-0.0074310302734375
0.00794219970703125
9.918212890625e-05
-0.0039520263671875
0.0092010498046875
0.001117706298828125
0.00726318359375
-0.00464630126953125
2.6702880859375e-05
0.00261688232421875
0.002376556396484375
-0.0006866455078125
0.0048828125
0.0016326904296875
-0.001926422119140625
-0.0042266845703125
0.00030517578125
-0.00510406494140625
-0.0028228759765625
-0.003086090087890625
0.00147247314453125
0.00589752197265625
0.00505828857421875
-0.000759124755859375
-0.0013580322265625
0.00531768798828125
-0.00435638427734375
-0.002353668212890625
-0.001956939697265625
0.001888275146484375
0.00208282470703125
-0.00041532516479492188
0.00087738037109375
-0.00116729736328125
-0.001216888427734375
0.0016021728515625
-0.00201416015625
0.000858306884765625
-0.0012054443359375
0.001567840576171875
-0.001911163330078125
-8.0108642578125e-05
0.002628326416015625
-0.0016231536865234375
-0.00018310546875
-9.1075897216796875e-05
0.000946044921875
-0.00098419189453125
-0.0011386871337890625
-0.0016269683837890625
-0.003314971923828125
0.001346588134765625
-0.0011382102966308594
0.0022563934326171875
-0.00128936767578125
0.00322723388671875
-0.003314971923828125
-0.0001373291015625
-0.004131317138671875
-0.001556396484375
0.00389862060546875
0.00029754638671875
-0.00907135009765625
-0.0012159347534179688
-0.003597259521484375
-0.001506805419921875
0.0017070770263671875
0.0059051513671875
0.00344085693359375
-0.001575469970703125
0.0020294189453125
-0.002620697021484375
0.00428009033203125
-0.0004215240478515625
-0.00579071044921875
0.00254058837890625
-0.0014801025390625
-0.00701141357421875
-0.00373077392578125
0.00305938720703125
-0.004283905029296875
0.003986358642578125
0.01080322265625
-0.002567291259765625
0.0024871826171875
0.00267791748046875
-0.006927490234375
8.0108642578125e-05
-0.000591278076171875
-0.0023250579833984375
-0.00019073486328125
-0.000732421875
-0.000263214111328125
-0.003337860107421875
-0.002117156982421875
0.0003948211669921875
0.00049364566802978516
-0.00012254714965820312
-0.00053882598876953125
0.0004730224609375
0.001194000244140625
-0.00041294097900390625
0.00043964385986328125
-7.62939453125e-05
0.0006237030029296875
-0.0010204315185546875
0.000614166259765625
-0.00171661376953125
-0.00046539306640625
0.00177001953125
2.2411346435546875e-05
-0.00056052207946777344
-0.00079059600830078125
0.0015697479248046875
0.000152587890625
-0.0013828277587890625
-2.288818359375e-05
0.00045680999755859375
-0.0007724761962890625
0.0027332305908203125
-0.00994110107421875
0.00211334228515625
0.0007171630859375
0.00244903564453125
-0.00047397613525390625
-0.001483917236328125
0.0005397796630859375
-0.002056121826171875
0.007167816162109375
-0.00487518310546875
0.00102996826171875
-0.0042724609375
0.00078582763671875
-0.00341033935546875
-0.002956390380859375
-0.001953125
-0.002010345458984375
-0.00299835205078125
0.00376129150390625
0.0018768310546875
0.002765655517578125
0.000942230224609375
2.6702880859375e-05
0.00231170654296875
0.00350189208984375
-0.000244140625
0.003444671630859375
0.001178741455078125
0.00091552734375
0.002593994140625
-0.0021643638610839844
0.0054473876953125
0.00357818603515625
-0.00318145751953125
-5.53131103515625e-05
0.00057125091552734375
0.00311279296875
0.00077342987060546875
-0.0019702911376953125
0.00099945068359375
0.0001621246337890625
-2.8133392333984375e-05
0.000827789306640625
-0.0016040802001953125
0.000812530517578125
8.2492828369140625e-05
0.001705169677734375
-0.00096893310546875
0.00062084197998046875
0.00071811676025390625
2.002716064453125e-05
0.0008087158203125
0.0016880035400390625
-0.001739501953125
-0.0004825592041015625
0.002040863037109375
0.000213623046875
-0.0011768341064453125
0.0006427764892578125
0.00402069091796875
-0.00267791748046875
0.003520965576171875
0.0018215179443359375
0.00124359130859375
0.0076751708984375
0.002349853515625
-0.004119873046875
-0.002105712890625
-0.0038671493530273438
0.0010833740234375
-0.0041866302490234375
-0.00247955322265625
0.011260986328125
6.103515625e-05
-0.00112152099609375
-0.000110626220703125
-0.00238800048828125
0.004058837890625
-0.0009136199951171875
0.0005950927734375
-0.0027008056640625
-0.001010894775390625
-0.001972198486328125
-0.000835418701171875
-0.0005035400390625
-0.0070953369140625
-0.0013580322265625
0.00160980224609375
0.00128173828125
-0.0011444091796875
-0.0006809234619140625
-0.0104827880859375
-0.001544952392578125
0.00055694580078125
0.0014057159423828125
0.00373077392578125
0.00067138671875
-0.001277923583984375
-0.002288818359375
-0.001010894775390625
0.0014934539794921875
-0.0002803802490234375
0.0015659332275390625
0.00218963623046875
-0.001659393310546875
0.000148773193359375
-0.0010223388671875
-0.0014200210571289062
-0.0009326934814453125
6.866455078125e-05
0.0001201629638671875
-0.001110076904296875
0.00085544586181640625
0.0002384185791015625
-0.0004558563232421875
0.0010986328125
-0.000148773193359375
0.00069713592529296875
-0.0004405975341796875
-0.0016307830810546875
0.000240325927734375
0.00092744827270507812
0.000743865966796875
-0.0008792877197265625
-0.00076687335968017578
-0.0009670257568359375
0.00115203857421875
-0.00384521484375
0.00150299072265625
-0.003131866455078125
0.00580596923828125
0.00308990478515625
-0.00591278076171875
0.0175323486328125
-0.00222015380859375
0.004016876220703125
-0.00173187255859375
0.00331878662109375
-0.000621795654296875
0.00290679931640625
-0.00311279296875
-0.00490570068359375
-0.00696563720703125
0.0009593963623046875
-0.000396728515625
-0.00356292724609375
-0.004947662353515625
-0.00284576416015625
0.009735107421875
0.000713348388671875
0.0078277587890625
0.00146484375
-0.00428009033203125
0.00151824951171875
-0.00202178955078125
-0.004180908203125
-0.00559234619140625
0.0039215087890625
-0.0056304931640625
-0.0002956390380859375
0.00218963623046875
-0.0002765655517578125
0.003688812255859375
0.0001678466796875
-0.000980377197265625
0.00072479248046875
-0.001384735107421875
0.00097608566284179688
-0.001422882080078125
-0.001800537109375
0.0009708404541015625
-0.000324249267578125
0.0015697479248046875
5.340576171875e-05
0.0006084442138671875
-0.002040863037109375
-0.00021457672119140625
2.47955322265625e-05
0.00020122528076171875
-0.0001678466796875
0.0019378662109375
0.0011463165283203125
-0.0017242431640625
0.000347137451171875
0.00096893310546875
-0.0011386871337890625
0.00048065185546875
0.00062084197998046875
0.0012989044189453125
-0.003177642822265625
-0.00372314453125
0.002185821533203125
0.001293182373046875
-0.00042724609375
-0.0067596435546875
0.0024566650390625
0.00646209716796875
-0.007110595703125
0.0026702880859375
-0.001983642578125
-0.000881195068359375
0.00616455078125
0.00101470947265625
-0.0005950927734375
0.00112152099609375
-0.001678466796875
-0.00342559814453125
-0.00896453857421875
0.0062255859375
-0.00035858154296875
-0.01287841796875
0.0025959014892578125
0.0070343017578125
0.0080108642578125
0.0004425048828125
-0.0041961669921875
-0.006317138671875
0.0082550048828125
-0.00649261474609375
0.002902984619140625
0.00203704833984375
0.0016679763793945312
-0.00176239013671875
-0.007049560546875
0.00272369384765625
-0.002590179443359375
-0.0019989013671875
-0.002391815185546875
1.9073486328125e-05
-0.00157928466796875
-0.0016326904296875
-0.00074625015258789062
0.004100799560546875
-0.0013303756713867188
-0.0010623931884765625
0.00017499923706054688
0.0008640289306640625
-0.00059223175048828125
-0.0013427734375
-0.000225067138671875
-0.000133514404296875
0.0004291534423828125
0.00019550323486328125
0.00096368789672851562
-0.0012140274047851562
-0.00226593017578125
0.000675201416015625
0.00038242340087890625
-7.8678131103515625e-05
0.00186920166015625
-0.000885009765625
-0.0021209716796875
0.00043392181396484375
-0.000530242919921875
0.00176239013671875
-0.00270843505859375
0.0012664794921875
-0.001922607421875
0.0017242431640625
-0.0036830902099609375
0.0007476806640625
-0.003017425537109375
0.00672149658203125
0.00643157958984375
0.0020294189453125
-0.002002716064453125
0.001422882080078125
-0.00618743896484375
0.001224517822265625
0.00144195556640625
-0.000274658203125
-4.38690185546875e-05
-0.001384735107421875
-0.001659393310546875
0.004932403564453125
-0.00489044189453125
0.00734710693359375
-0.00125885009765625
-0.0028228759765625
0.0063323974609375
0.00447845458984375
0.0009002685546875
0.019317626953125
-0.008392333984375
0.0086212158203125
-0.006195068359375
0.00107574462890625
8.392333984375e-05
0.002712249755859375
-0.00171661376953125
0.002285003662109375
0.002605438232421875
0.0053558349609375
9.822845458984375e-05
0.001766204833984375
-0.00046443939208984375
2.5272369384765625e-05
-0.001373291015625
0.00095844268798828125
-0.0001964569091796875
0.000446319580078125
0.002445220947265625
-0.0003108978271484375
-0.00049686431884765625
0.00014972686767578125
-0.00157928466796875
-0.00047397613525390625
0.0011358261108398438
0.0006847381591796875
-0.0017490386962890625
0.0017099380493164062
-0.00065326690673828125
0.00097179412841796875
-0.0008544921875
0.0005054473876953125
0.002689361572265625
0.00062656402587890625
0.0006046295166015625
-0.00051116943359375
-0.0002269744873046875
0.0011348724365234375
0.004459381103515625
0.0009784698486328125
0.004241943359375
-0.0010805130004882812
-0.0001068115234375
-0.0006256103515625
-0.0002593994140625
0.000957489013671875
-0.002429962158203125
0.001811981201171875
0.003795623779296875
-0.000980377197265625
0.001903533935546875
-0.0043487548828125
0.004119873046875
0.001049041748046875
-0.00789642333984375
0.0045013427734375
0.0042724609375
0.00672149658203125
-0.0128326416015625
-0.00180816650390625
0.0017156600952148438
0.00324249267578125
0.0020599365234375
0.00431060791015625
0.00420379638671875
-0.002422332763671875
0.002902984619140625
0.0006103515625
-0.00128173828125
-0.0021495819091796875
0.00103759765625
-0.0003833770751953125
0.00164031982421875
-0.002254486083984375
-0.001438140869140625
0.00063323974609375
0.00064754486083984375
0.00047159194946289062
0.0005970001220703125
-0.0010404586791992188
-1.430511474609375e-05
0.000270843505859375
-0.000904083251953125
0.0008449554443359375
0.0011034011840820312
0.000339508056640625
-0.003376007080078125
-0.000164031982421875
0.0004425048828125
-0.001216888427734375
-6.198883056640625e-05
-0.000911712646484375
0.0009517669677734375
-0.001194000244140625
-0.0007305145263671875
4.9591064453125e-05
-4.1961669921875e-05
0.0028076171875
-0.00341796875
0.00065183639526367188
0.0012760162353515625
-0.00469207763671875
0.001979827880859375
-0.001220703125
-0.00047779083251953125
-0.00115203857421875
-0.0015869140625
-0.001407623291015625
-0.001697540283203125
0.003910064697265625
-0.00344085693359375
-0.001071929931640625
0.00096035003662109375
0.00133514404296875
0.0086212158203125
-0.001953125
-0.00662994384765625
-0.00160980224609375
0.00627899169921875
-0.004791259765625
0.0018310546875
0.0018310546875
0.00337982177734375
0.00540924072265625
-0.00016021728515625
0.0010814666748046875
0.0047149658203125
-0.00472259521484375
-0.0022754669189453125
0.008575439453125
0.0009765625
0.00061798095703125
-0.00263214111328125
0.0012493133544921875
-0.0011425018310546875
-0.00180816650390625
-0.00283050537109375
-0.0010471343994140625
0.003612518310546875
1.71661376953125e-05
-0.002532958984375
0.001605987548828125
0.0006542205810546875
0.0011844635009765625
-0.0019054412841796875
0.00095367431640625
0.001255035400390625
0.00142669677734375
-2.765655517578125e-05
-0.00013637542724609375
0.00234222412109375
-0.001605987548828125
-0.00017070770263671875
-0.0015344619750976562
0.00078678131103515625
0.001445770263671875
-0.000659942626953125
-0.00112152099609375
0.00074625015258789062
-0.0006237030029296875
-0.00131988525390625
-0.002285003662109375
-0.002330780029296875
-0.0014133453369140625
0.00109100341796875
0.001438140869140625
-6.198883056640625e-06
-0.00089383125305175781
-0.003658294677734375
-0.00083160400390625
0.00470733642578125
-0.00113677978515625
-0.0050201416015625
0.004688262939453125
-0.002735137939453125
0.0009918212890625
0.01308441162109375
-0.004718780517578125
0.005779266357421875
0.00054931640625
0.0032196044921875
0.0044674873352050781
-0.00083160400390625
0.0017242431640625
-0.001590728759765625
-0.00421142578125
0.00485992431640625
0.00113677978515625
-0.0047607421875
-0.00275421142578125
-0.0003681182861328125
0.00156402587890625
-0.0058135986328125
-0.001110076904296875
0.00211334228515625
0.001819610595703125
0.002681732177734375
-0.0011196136474609375
0.0013885498046875
0.001430511474609375
-0.000461578369140625
0.00140380859375
0.0012636184692382812
0.000926971435546875
-0.0011138916015625
-0.0010547637939453125
3.1948089599609375e-05
-0.000995635986328125
0.001056671142578125
-0.0004787445068359375
5.054473876953125e-05
-0.0007915496826171875
-0.0022220611572265625
2.765655517578125e-05
0.0010304450988769531
0.000202178955078125
-0.0001220703125
-0.00055742263793945312
0.0008869171142578125
-0.00026226043701171875
-0.0009918212890625
0.00164031982421875
-0.0013885498046875
0.0017604827880859375
-0.000942230224609375
0.0006084442138671875
0.0029506683349609375
-0.0019245147705078125
0.00051069259643554688
0.001720428466796875
0.00104522705078125
0.00316619873046875
-0.00302886962890625
-0.004791259765625
-0.00061702728271484375
0.00262451171875
-0.0015716552734375
-0.00737762451171875
0.001918792724609375
0.0025768280029296875
0.00067138671875
0.0021209716796875
0.00051116943359375
0.00577545166015625
-0.0053253173828125
-0.00455474853515625
0.00179290771484375
-0.005950927734375
-0.001438140869140625
0.00119781494140625
-0.00238037109375
-0.004547119140625
0.002269744873046875
-0.001422882080078125
0.0017223358154296875
-0.003353118896484375
0.000244140625
-0.0018463134765625
0.000156402587890625
7.2479248046875e-05
0.0033702850341796875
0.002979278564453125
-0.0029506683349609375
0.0012359619140625
-0.003421783447265625
-0.0001621246337890625
-0.003509521484375
0.00035858154296875
-0.0007038116455078125
0.001125335693359375
-0.0011501312255859375
0.00020694732666015625
-0.000675201416015625
-0.00449371337890625
-0.00011444091796875
-0.0016269683837890625
-0.000247955322265625
-0.00042438507080078125
0.00022792816162109375
-0.0005397796630859375
0.00112152099609375
0.0004901885986328125
0.000705718994140625
0.0014257431030273438
2.6702880859375e-05
-0.003002166748046875
0.004039764404296875
0.00012969970703125
0.00279998779296875
0.005573272705078125
-0.001056671142578125
0.000820159912109375
-0.0012845993041992188
-0.0016632080078125
0.00124359130859375
0.00177764892578125
-0.002857208251953125
0.000522613525390625
0.000988006591796875
0.00251007080078125
-0.00368499755859375
0.00460052490234375
-0.00116729736328125
0.00470733642578125
-0.000659942626953125
-0.00391387939453125
-0.01175689697265625
-0.002300262451171875
0.0039825439453125
-0.003215789794921875
-0.000560760498046875
0.0033621788024902344
0.001743316650390625
-0.00531768798828125
0.00615692138671875
0.00388336181640625
0.00632476806640625
-0.002155303955078125
-0.00435638427734375
-0.003971099853515625
0.00185394287109375
0.002288818359375
0.002170562744140625
0.001068115234375
0.003246307373046875
-7.62939453125e-06
-0.00339508056640625
0.0045623779296875
0.00421142578125
0.00066375732421875
4.00543212890625e-05
-0.002567291259765625
0.001461029052734375
1.52587890625e-05
2.6702880859375e-05
0.00096416473388671875
0.001781463623046875
0.00205230712890625
0.0010814666748046875
-0.00082874298095703125
-0.0001201629638671875
0.001445770263671875
-0.00039005279541015625
-0.00011539459228515625
-0.000148773193359375
-0.0008525848388671875
-0.001941680908203125
0.0012416839599609375
-0.00128173828125
0.0012645721435546875
-0.00420379638671875
0.00014495849609375
-0.000720977783203125
-0.003086090087890625
-0.001003265380859375
-0.001800537109375
0.00098419189453125
-0.000659942626953125
0.00040435791015625
0.001514434814453125
0.003498077392578125
0.00135040283203125
0.0039825439453125
-0.003597259521484375
0.0048370361328125
-0.0031032562255859375
-0.00046539306640625
0.001129150390625
-0.001895904541015625
0.003971099853515625
-0.00171661376953125
0.010833740234375
0.004547119140625
-0.0018849372863769531
-0.0001983642578125
0.00482940673828125
-0.0056915283203125
-0.00800323486328125
-0.0012950897216796875
-0.0019683837890625
1.52587890625e-05
-0.0059051513671875
0.00617218017578125
-0.0051422119140625
-0.003604888916015625
-0.0002765655517578125
-0.002613067626953125
-0.0050048828125
-0.00390625
0.003803253173828125
-0.00269317626953125
0.000335693359375
0.0010433197021484375
-0.0008697509765625
-0.003200531005859375
0.0019130706787109375
-0.002227783203125
-0.001819610595703125
0.002452850341796875
0.0015106201171875
-0.00028181076049804688
-0.000972747802734375
-0.0010194778442382812
-0.00077342987060546875
-0.00064563751220703125
0.0018177032470703125
-0.001079559326171875
-0.0006389617919921875
-0.00015354156494140625
0.00066471099853515625
-0.00054168701171875
-0.000186920166015625
-0.0004062652587890625
0.0010371208190917969
0.0016613006591796875
-7.82012939453125e-05
-0.000560760498046875
0.000896453857421875
0.0042266845703125
0.00550079345703125
-0.0008087158203125
-0.001232147216796875
0.005126953125
0.0042572021484375
-0.00634765625
0.0044708251953125
-0.00412750244140625
0.001678466796875
0.00267791748046875
-0.00659942626953125
0.0059680938720703125
0.00095462799072265625
0.000274658203125
0.00634765625
0.0014801025390625
-0.00872802734375
-0.002777099609375
-0.00531768798828125
-0.00923919677734375
-0.00406646728515625
0.001956939697265625
-0.0025177001953125
0.001934051513671875
0.01055908203125
0.00494384765625
-0.002277374267578125
0.00885009765625
0.0028247833251953125
-0.0041046142578125
0.001934051513671875
0.0005340576171875
-0.00247955322265625
0.003948211669921875
1.1444091796875e-05
0.004634857177734375
9.34600830078125e-05
-0.004436492919921875
-0.0019931793212890625
0.0002040863037109375
0.00068593025207519531
7.05718994140625e-05
0.0011415481567382812
-0.0015048980712890625
0.00050449371337890625
-0.0019359588623046875
0.00063800811767578125
0.00054645538330078125
-0.0006122589111328125
-0.0012359619140625
-0.00050258636474609375
0.00030422210693359375
0.0005435943603515625
-4.7922134399414062e-05
-0.00051593780517578125
0.0014553070068359375
0.00194549560546875
-0.000751495361328125
-0.0023345947265625
-0.0004425048828125
0.000301361083984375
-0.001071929931640625
-0.001346588134765625
-0.00409698486328125
0.0008106231689453125
0.00083160400390625
-0.0056304931640625
-0.0031585693359375
-0.00658416748046875
0.0021209716796875
-0.0068359375
-0.00069427490234375
-0.00281524658203125
-0.0031261444091796875
0.0007266998291015625
-0.005645751953125
-0.0002079010009765625
-0.00726318359375
0.0091552734375
0.0046329498291015625
-0.0043487548828125
0.005008697509765625
0.00444793701171875
0.0057830810546875
0.005859375
0.0069427490234375
0.0093994140625
-0.001476287841796875
0.0015411376953125
-0.00567626953125
0.00165557861328125
-0.009613037109375
-0.00241851806640625
0.005645751953125
0.0085906982421875
0.0033721923828125
0.0070648193359375
-0.000946044921875
-0.0074615478515625
0.002162933349609375
0.001880645751953125
0.000827789306640625
3.62396240234375e-05
-0.00055694580078125
-0.00087738037109375
0.00328826904296875
-0.0021514892578125
0.001613616943359375
-0.00056600570678710938
-0.000789642333984375
-0.00040912628173828125
0.0004673004150390625
-0.00031185150146484375
0.000278472900390625
0.0013484954833984375
0.0019884109497070312
-0.0012502670288085938
0.00030231475830078125
-0.00141143798828125
0.0006008148193359375
0.0016632080078125
0.0018463134765625
0.0012598037719726562
0.00024461746215820312
0.000186920166015625
0.00505828857421875
0.00270843505859375
-0.0064697265625
-0.0070037841796875
-0.0002155303955078125
-0.002750396728515625
-0.00127410888671875
-0.00070643424987792969
0.00295257568359375
-0.006549835205078125
-0.00347900390625
-0.00313568115234375
-0.0025177001953125
0.002391815185546875
-0.00193023681640625
-0.00537109375
-0.00382232666015625
0.0005035400390625
0.006015777587890625
0.0027618408203125
-0.0020904541015625
0.00833892822265625
0.00228118896484375
-0.00656890869140625
-0.0039048194885253906
0.0036773681640625
0.00060272216796875
-0.01348876953125
0.0059661865234375
0.00562286376953125
0.006683349609375
0.0008697509765625
-0.00385284423828125
0.0013427734375
-0.00616455078125
-0.00555419921875
0.00392913818359375
-0.00222015380859375
0.00081634521484375
-0.001068115234375
0.003574371337890625
-0.002758026123046875
-0.0020155906677246094
-0.0001850128173828125
-0.002208709716796875
-0.0012035369873046875
-0.00084686279296875
0.00092411041259765625
-0.0011577606201171875
-0.0010738372802734375
0.000255584716796875
-0.0007114410400390625
0.00016576051712036133
0.0008678436279296875
-0.00083446502685546875
0.0009002685546875
-0.00067043304443359375
0.00060033798217773438
-7.82012939453125e-05
-0.00014972686767578125
-0.00061702728271484375
0.0012788772583007812
0.00065374374389648438
-0.004062652587890625
0.001739501953125
0.001804351806640625
-0.001922607421875
-0.00304412841796875
-0.00142669677734375
0.00262451171875
0.0054168701171875
0.0017242431640625
-0.0104522705078125
0.0119171142578125
-0.004177093505859375
0.0058135986328125
0.00250244140625
-9.5367431640625e-06
0.00133514404296875
0.000209808349609375
-0.004558563232421875
0.002410888671875
0.000396728515625
-0.00128173828125
0.0016021728515625
2.288818359375e-05
0.0060882568359375
-0.004791259765625
0.002471923828125
-0.001918792724609375
-0.0063629150390625
-0.00579833984375
0.0086669921875
0.002407073974609375
-0.003997802734375
-0.0001373291015625
-0.0106048583984375
-0.000335693359375
-0.00982666015625
0.0011391639709472656
0.001644134521484375
0.00022125244140625
-0.000213623046875
0.0015888214111328125
-0.0008106231689453125
0.000377655029296875
-0.00064563751220703125
-0.00077724456787109375
0.0059051513671875
-0.000640869140625
-0.00032949447631835938
-0.0005245208740234375
0.00046539306640625
0.000553131103515625
-0.00015211105346679688
-0.000682830810546875
-0.00023913383483886719
-0.00016117095947265625
2.574920654296875e-05
-0.00055408477783203125
0.000720977783203125
-1.049041748046875e-05
-4.1961669921875e-05
-0.00214385986328125
-0.0007686614990234375
-0.0007781982421875
0.000782012939453125
-0.00189971923828125
-0.00011110305786132812
-0.00362396240234375
0.003108978271484375
-0.00043487548828125
0.0008544921875
-0.0033721923828125
-0.000911712646484375
-0.0070648193359375
-0.00067901611328125
-0.0120697021484375
-0.0002651214599609375
0.00457000732421875
-0.0031890869140625
-0.00225067138671875
0.003673553466796875
0.010345458984375
-0.00275421142578125
-0.003589630126953125
-0.00440216064453125
-0.009063720703125
0.00555419921875
0.0002899169921875
0.002197265625
0.003322601318359375
-0.00186920166015625
-0.00125885009765625
-0.002197265625
0.00067138671875
-0.0034332275390625
0.0031890869140625
-0.00109100341796875
0.005344390869140625
-0.00356292724609375
-0.002246856689453125
-0.000934600830078125
-0.0010385513305664062
0.00053501129150390625
-0.0002269744873046875
0.00054311752319335938
0.002056121826171875
-0.000827789306640625
0.0001678466796875
0.001926422119140625
-0.0014400482177734375
-0.00080013275146484375
-0.0003871917724609375
0.00018405914306640625
-0.002410888671875
-0.00144195556640625
0.0010890960693359375
0.0008087158203125
0.00017881393432617188
0.0011415481567382812
-0.0005550384521484375
-0.000637054443359375
-0.00039219856262207031
0.0001373291015625
-0.00012493133544921875
0.0010991096496582031
-0.00021076202392578125
0.0004787445068359375
-0.0008411407470703125
-0.0008449554443359375
0.0026035308837890625
0.00281524658203125
-0.0007724761962890625
0.003322601318359375
-0.000213623046875
0.001049041748046875
0.0012664794921875
0.00754547119140625
-0.00350189208984375
-0.00065708160400390625
0.001026153564453125
0.00667572021484375
-0.0023040771484375
0.00389862060546875
0.0103759765625
-0.0016632080078125
-0.0030422210693359375
-0.0031585693359375
-0.007965087890625
0.00560760498046875
-0.001361846923828125
-0.00528717041015625
0.0028533935546875
-0.017730712890625
0.012115478515625
-0.0061798095703125
-0.00115203857421875
-0.0016307830810546875
0.0083465576171875
0.0001983642578125
-0.0018863677978515625
0.00415802001953125
-7.62939453125e-06
-0.00052642822265625
-0.0013427734375
-0.0014190673828125
3.4332275390625e-05
0.0001220703125
-0.00493621826171875
-0.003143310546875
-0.003902435302734375
-0.0030231475830078125
0.004352569580078125
-0.00148773193359375
0.00537109375
-0.0031337738037109375
0.00119781494140625
0.0008640289306640625
-0.0009021759033203125
0.00052356719970703125
-5.14984130859375e-05
1.52587890625e-05
-0.000400543212890625
0.0004749298095703125
-0.0015697479248046875
0.00023937225341796875
0.00051116943359375
0.0001697540283203125
-0.0008544921875
-3.814697265625e-06
0.00049257278442382812
-0.00059604644775390625
-0.0002727508544921875
0.0007991790771484375
-0.00308990478515625
0.00191497802734375
-0.00634002685546875
1.1444091796875e-05
0.001163482666015625
0.00109100341796875
-0.00215911865234375
-0.0015716552734375
0.00152587890625
-0.003101348876953125
0.004650115966796875
-0.003509521484375
-0.00032806396484375
0.00197601318359375
-0.00322723388671875
0.00302886962890625
-0.003086090087890625
-0.003875732421875
0.0003662109375
-0.0011749267578125
-0.003673553466796875
0.00247955322265625
-0.00353240966796875
-0.00948333740234375
0.00466156005859375
-0.00054168701171875
-0.0039215087890625
-0.004543304443359375
0.008056640625
-0.00848388671875
-0.0081787109375
0.0077667236328125
-0.0016632080078125
-0.003108978271484375
0.00278472900390625
-0.00626373291015625
-0.003299713134765625
-0.00402069091796875
0.00215911865234375
0.001552581787109375
0.0005340576171875
-0.00019073486328125
-5.7220458984375e-06
-0.0010833740234375
-0.00075650215148925781
-1.52587890625e-05
0.001522064208984375
0.0017871856689453125
-0.0012359619140625
0.00034332275390625
-0.00015687942504882812
-0.0002307891845703125
7.62939453125e-05
-0.0011653900146484375
0.00030577182769775391
0.0008831024169921875
-0.000331878662109375
-0.0009632110595703125
0.0007495880126953125
-0.0027618408203125
0.00116729736328125
0.0002803802490234375
-0.0008220672607421875
0.00085353851318359375
0.0027313232421875
-0.002899169921875
0.00244903564453125
-0.001918792724609375
-0.000202178955078125
-1.9073486328125e-05
-0.0014705657958984375
-0.001644134521484375
0.001811981201171875
0.000431060791015625
4.57763671875e-05
-0.001804351806640625
0.00457763671875
0.0009002685546875
-0.00225830078125
-0.00231170654296875
0.00191497802734375
-0.000431060791015625
0.0040283203125
-0.0076446533203125
-0.00202178955078125
-0.00138092041015625
0.0054473876953125
0.0081939697265625
-0.00955963134765625
0.00031280517578125
0.00592803955078125
-0.00206756591796875
-0.008270263671875
0.011566162109375
0.00531005859375
0.00677490234375
0.00377655029296875
-0.000274658203125
0.00283050537109375
-0.000148773193359375
0.00540924072265625
0.00189971923828125
-0.000896453857421875
0.003082275390625
-0.0011749267578125
0.001316070556640625
-0.0006275177001953125
-0.00067138671875
-0.0003185272216796875
0.001834869384765625
-0.0006618499755859375
-0.00013875961303710938
0.00084590911865234375
0.00044155120849609375
0.000171661376953125
0.0011272430419921875
0.0005340576171875
-0.0001277923583984375
-0.000415802001953125
-6.4849853515625e-05
0.000827789306640625
-0.00027227401733398438
-0.0003108978271484375
-0.000164031982421875
0.0002117156982421875
-0.00082874298095703125
0.0001506805419921875
-0.002132415771484375
0.0012760162353515625
0.0006275177001953125
0.00074863433837890625
0.00243377685546875
-0.003448486328125
0.0014963150024414062
-7.05718994140625e-05
-0.000484466552734375
0.0060882568359375
-0.00170135498046875
-0.00383758544921875
-0.00214385986328125
-0.00140380859375
0.001743316650390625
-0.00107574462890625
-0.000885009765625
-0.002017974853515625
0.003082275390625
0.00359344482421875
0.0029144287109375
-0.005397796630859375
-0.002666473388671875
0.0020227432250976562
-3.814697265625e-05
-0.00043487548828125
-0.0050506591796875
0.00502777099609375
0.0023651123046875
0.00048828125
-0.005950927734375
-0.01025390625
0.0120391845703125
-0.00119781494140625
-0.00423431396484375
-0.00514984130859375
0.00445556640625
-0.000751495361328125
-0.00019073486328125
-0.0004520416259765625
0.002285003662109375
0.0005397796630859375
-0.00146484375
-0.00083160400390625
-0.00188446044921875
2.86102294921875e-05
-0.00067901611328125
0.0005817413330078125
8.296966552734375e-05
-0.000675201416015625
-0.002002716064453125
3.814697265625e-06
-0.0011005401611328125
0.00217437744140625
-0.0013332366943359375
0.0006847381591796875
-0.00076961517333984375
0.00089550018310546875
-0.0001678466796875
0.0020847320556640625
-0.0015468597412109375
-0.00068759918212890625
0.00048065185546875
0.000659942626953125
0.000362396240234375
0.00434112548828125
-3.147125244140625e-05
0.00060367584228515625
-0.00049734115600585938
-0.00027370452880859375
0.001529693603515625
0.0004138946533203125
0.002254486083984375
-0.00018310546875
-0.000942230224609375
0.00415802001953125
0.0031919479370117188
-0.0001678466796875
-0.00180816650390625
-0.00257110595703125
0.00113677978515625
-0.00174713134765625
0.0047101974487304688
0.006595611572265625
0.0005035400390625
0.01055145263671875
-0.00342559814453125
0.0092926025390625
-0.00714874267578125
-0.0127716064453125
0.008148193359375
0.00150299072265625
-0.00923919677734375
-0.00836181640625
-0.003887176513671875
0.001811981201171875
0.002349853515625
0.00553131103515625
-0.00162506103515625
-0.0027008056640625
-0.001369476318359375
-0.000820159912109375
0.0009918212890625
-0.0011196136474609375
-0.0034332275390625
0.00356292724609375
-0.00124359130859375
0.001140594482421875
-0.0038318634033203125
0.0001049041748046875
0.00091552734375
0.000400543212890625
-0.0013079643249511719
0.0009899139404296875
-0.000522613525390625
-0.00081634521484375
-0.0015420913696289062
0.00122833251953125
-0.000133514404296875
-0.000484466552734375
-0.000499725341796875
0.000102996826171875
7.82012939453125e-05
-0.0018291473388671875
1.2874603271484375e-05
-0.0013256072998046875
0.001369476318359375
-0.0016727447509765625
0.00222015380859375
-0.0009860992431640625
-0.0032196044921875
0.0006046295166015625
-0.0020685195922851562
0.0016040802001953125
0.00136566162109375
-0.0017242431640625
-0.000988006591796875
-0.0018153190612792969
0.001529693603515625
-0.004245758056640625
-0.006378173828125
-0.000667572021484375
0.00251007080078125
-0.0004425048828125
-0.0025634765625
-6.103515625e-05
-0.00417327880859375
0.00037384033203125
0.00687408447265625
0.0065460205078125
-0.00274658203125
-0.00176239013671875
-0.0118408203125
0.0005340576171875
0.0071868896484375
0.000324249267578125
0.0047454833984375
-0.00580596923828125
-0.00380706787109375
0.003429412841796875
-0.0039520263671875
0.0007171630859375
0.0014591217041015625
-0.0027923583984375
-0.003765106201171875
0.001392364501953125
-0.000423431396484375
0.000415802001953125
-0.00373077392578125
0.0014581680297851562
-0.0014581680297851562
-0.000156402587890625
0.0004825592041015625
0.0015020370483398438
0.002353668212890625
0.0001888275146484375
-0.002044677734375
-0.0027942657470703125
0.00056934356689453125
-0.000316619873046875
-0.00045871734619140625
0.0006999969482421875
0.0002117156982421875
0.00110626220703125
0.00021052360534667969
-0.000255584716796875
0.00020313262939453125
0.003139495849609375
0.0015468597412109375
-0.0012826919555664062
-0.0011587142944335938
0.0001277923583984375
0.0013418197631835938
0.0009002685546875
-0.0007915496826171875
-0.0006732940673828125
0.00330352783203125
0.0018596649169921875
0.0011348724365234375
-0.00128173828125
0.00054168701171875
0.001094818115234375
0.00150299072265625
0.0008182525634765625
-0.004421234130859375
7.05718994140625e-05
0.00244140625
-0.000415802001953125
0.00446319580078125
-0.000888824462890625
0.00128936767578125
-0.00018310546875
0.00490570068359375
-0.003208160400390625
0.00909423828125
0.001506805419921875
-0.007293701171875
0.004764556884765625
-0.00296783447265625
-0.00652313232421875
-0.005035400390625
0.00102996826171875
0.005645751953125
-0.0016574859619140625
-0.00373077392578125
-0.00048065185546875
0.0033283233642578125
0.0005512237548828125
0.0017399787902832031
0.00479888916015625
-0.002590179443359375
0.0021953582763671875
0.00028228759765625
0.00106048583984375
0.0010952949523925781
-0.00018215179443359375
0.00350189208984375
0.0010395050048828125
0.0010051727294921875
-4.9591064453125e-05
-0.00460052490234375
0.0004405975341796875
-0.00048542022705078125
-0.00055027008056640625
-0.0007610321044921875
9.441375732421875e-05
0.0013065338134765625
0.00015544891357421875
-1.430511474609375e-05
-0.0007495880126953125
-0.0019207000732421875
0.002155303955078125
-0.00189208984375
0.0011119842529296875
-0.001556396484375
0.0004405975341796875
-0.00033473968505859375
0.0017795562744140625
0.00097370147705078125
-0.0027103424072265625
-0.000797271728515625
-0.002471923828125
0.000919342041015625
-0.002681732177734375
0.00029468536376953125
0.000579833984375
-5.340576171875e-05
0.0013408660888671875
0.00274658203125
-0.00264739990234375
0.00031757354736328125
0.002910614013671875
-0.0006961822509765625
0.0023756027221679688
-0.00592803955078125
0.002593994140625
-0.0018768310546875
0.00521087646484375
0.0110015869140625
-0.011138916015625
0.0121917724609375
0.005157470703125
0.018463134765625
-0.0095367431640625
0.00482177734375
-0.0066986083984375
-0.00063323974609375
0.00054311752319335938
-0.002593994140625
-0.0013492107391357422
-0.001216888427734375
0.001995086669921875
0.0013561248779296875
-0.000240325927734375
0.002002716064453125
0.000148773193359375
0.00037384033203125
-0.00289154052734375
0.0011615753173828125
0.0011844635009765625
-0.003673553466796875
-0.001232147216796875
-0.00016045570373535156
-0.00165557861328125
0.001750946044921875
0.0026721954345703125
0.0008029937744140625
0.00026988983154296875
0.00079631805419921875
0.002017974853515625
-0.00054979324340820312
-0.0014591217041015625
-0.0004405975341796875
0.0010509490966796875
-0.000637054443359375
-0.0011372566223144531
0.00051784515380859375
0.002899169921875
0.00058650970458984375
0.001453399658203125
-0.001728057861328125
-0.00472259521484375
-0.0003833770751953125
-0.0022525787353515625
-0.0012459754943847656
-0.0006771087646484375
-0.00048828125
-0.0010662078857421875
0.000583648681640625
-0.00096225738525390625
-0.0006504058837890625
-0.00115966796875
0.00071239471435546875
-0.000133514404296875
0.003662109375
0.004741668701171875
-0.0086669921875
-0.00502777099609375
-0.0010938644409179688
0.002849578857421875
-0.0026798248291015625
-0.0078887939453125
0.00799560546875
0.00724029541015625
0.02093505859375
-0.00348663330078125
0.010097503662109375
0.00417327880859375
-0.003570556640625
0.002532958984375
0.0030622482299804688
0.00490570068359375
0.003208160400390625
0.000598907470703125
-0.00122833251953125
-0.00098419189453125
4.9591064453125e-05
0.003108978271484375
0.00257110595703125
-0.000335693359375
-0.00054931640625
0.0006580352783203125
-0.0009918212890625
0.000751495361328125
0.000911712646484375
0.002002716064453125
-0.001132965087890625
-0.001766204833984375
0.0019588470458984375
-0.0007228851318359375
0.0012378692626953125
0.00077199935913085938
-0.00048828125
-0.00016880035400390625
-0.00077152252197265625
0.0002593994140625
0.0007152557373046875
-0.001605987548828125
0.0012998580932617188
-0.0011148452758789062
-0.0017337799072265625
-0.0018157958984375
0.001682281494140625
0.0011568069458007812
-0.003387451171875
-1.9073486328125e-06
-0.00075531005859375
0.003662109375
0.000766754150390625
-0.00020122528076171875
0.001140594482421875
0.003383636474609375
-0.0026702880859375
0.001789093017578125
0.001033782958984375
-0.000659942626953125
0.002986907958984375
0.00074481964111328125
-0.00160980224609375
0.001300811767578125
-0.0005340576171875
-0.000324249267578125
-0.0003204345703125
-0.0048980712890625
0.0031280517578125
-0.0087890625
-0.00775146484375
-0.00386810302734375
0.001018524169921875
-0.00135040283203125
0.0016632080078125
0.003021240234375
0.0115814208984375
-0.00042724609375
0.0008697509765625
-0.0009098052978515625
-0.0047760009765625
0.0016994476318359375
-0.0034332275390625
-0.000469207763671875
0.001277923583984375
0.00222015380859375
-0.001369476318359375
-0.0006046295166015625
-4.57763671875e-05
-0.00067996978759765625
0.0002422332763671875
-0.001201629638671875
-0.0014190673828125
0.0003261566162109375
-0.00293731689453125
0.00054645538330078125
-0.001373291015625
0.00012969970703125
-0.0017271041870117188
-0.0011997222900390625
0.0016469955444335938
-0.00036764144897460938
0.00024700164794921875
0.00103759765625
-0.00052642822265625
0.00055408477783203125
0.0007419586181640625
-0.00128936767578125
0.00081729888916015625
0.000774383544921875
-0.0006504058837890625
0.0013113021850585938
0.002178192138671875
0.0001678466796875
-0.00237274169921875
0.001110076904296875
-0.0029754638671875
0.0013141632080078125
0.00091552734375
-0.002796173095703125
4.1961669921875e-05
-0.002574920654296875
-0.00062084197998046875
-0.00027370452880859375
-0.0020751953125
0.000232696533203125
0.0019817352294921875
0.0010242462158203125
-0.00203704833984375
-0.002986907958984375
0.00229644775390625
0.009857177734375
-0.003993988037109375
-0.001495361328125
0.00569915771484375
-0.003208160400390625
-0.01168060302734375
0.00174713134765625
0.00386810302734375
0.01251220703125
-0.00272369384765625
-0.001674652099609375
0.003047943115234375
-0.001216888427734375
0.0030879974365234375
0.0016400814056396484
-0.000102996826171875
0.00054264068603515625
-0.00087833404541015625
0.00091552734375
1.811981201171875e-05
8.392333984375e-05
-0.0014400482177734375
0.0007762908935546875
0.0023956298828125
0.0011959075927734375
-0.0012969970703125
0.0014476776123046875
-0.0001277923583984375
0.0017852783203125
-0.00196075439453125
0.0007305145263671875
0.001316070556640625
0.00127410888671875
0.00026702880859375
-0.00017547607421875
0.00091648101806640625
0.001739501953125
0.0011768341064453125
-0.0019311904907226562
0.0014133453369140625
-1.9073486328125e-05
-0.00090789794921875
-0.0007915496826171875
0.00026226043701171875
0.0013456344604492188
0.000522613525390625
0.002178192138671875
0.001583099365234375
-0.001171112060546875
-0.0023441314697265625
-0.00030469894409179688
-0.00045108795166015625
-0.001087188720703125
0.000492095947265625
0.001071929931640625
0.002323150634765625
-0.0016918182373046875
4.9591064453125e-05
0.00023746490478515625
-0.0031986236572265625
-0.000820159912109375
-0.00018310546875
0.000553131103515625
0.000110626220703125
-0.003810882568359375
-0.000980377197265625
0.00386810302734375
0.00295257568359375
-0.00704193115234375
0.008056640625
-0.00615692138671875
0.010955810546875
-0.01032257080078125
-0.00167083740234375
-0.001857757568359375
-0.002330780029296875
0.002323150634765625
-0.0032958984375
0.0005245208740234375
-0.0001316070556640625
-0.0022258758544921875
-0.00079298019409179688
0.00077342987060546875
0.001949310302734375
-0.000408172607421875
0.00053501129150390625
0.000274658203125
0.002918243408203125
-0.0006580352783203125
-0.00086212158203125
0.001705169677734375
0.0009212493896484375
-0.00213623046875
-8.20159912109375e-05
0.003772735595703125
-0.000774383544921875
-0.001338958740234375
-0.0002956390380859375
0.00010395050048828125
-0.00063037872314453125
-0.002002716064453125
-0.0002593994140625
0.000362396240234375
-0.00083303451538085938
0.0003566741943359375
-0.0014095306396484375
0.0002079010009765625
-0.00047016143798828125
0.001117706298828125
9.0122222900390625e-05
0.00235748291015625
-0.000209808349609375
-0.0034942626953125
0.00092315673828125
-0.000335693359375
-0.001186370849609375
-0.002193450927734375
-0.0012054443359375
0.00054311752319335938
9.72747802734375e-05
0.0013561248779296875
0.001911163330078125
0.0016613006591796875
-0.00016021728515625
-0.002529144287109375
0.00191497802734375
-0.0002269744873046875
-0.001483917236328125
0.001148223876953125
-0.00737762451171875
0.0037078857421875
0.0008258819580078125
-0.00415802001953125
0.00341796875
-0.00264739990234375
-0.0154571533203125
0.0083160400390625
-0.0006847381591796875
0.003021240234375
0.001834869384765625
0.0007953643798828125
6.389617919921875e-05
0.002655029296875
-0.0014667510986328125
0.0014295578002929688
0.000568389892578125
-0.001117706298828125
-0.0019617080688476562
-0.0005340576171875
0.00173187255859375
-0.0013256072998046875
-0.00139617919921875
-0.00048828125
-0.0015478134155273438
0.0004901885986328125
-0.0014452934265136719
0.00015544891357421875
0.0012788772583007812
0.00057220458984375
-1.33514404296875e-05
0.000194549560546875
8.869171142578125e-05
-0.0003757476806640625
-0.00047206878662109375
0.0001010894775390625
-0.0005359649658203125
0.00116729736328125
0.00215911865234375
-0.0005340576171875
0.0015115737915039062
-0.00084686279296875
-0.0016307830810546875
0.00049591064453125
-0.0024261474609375
-0.00088214874267578125
0.0006351470947265625
-0.0003833770751953125
0.001644134521484375
-0.000232696533203125
0.00208282470703125
-0.00107574462890625
0.0028858184814453125
0.0009593963623046875
0.002349853515625
0.00061702728271484375
-0.00096797943115234375
-0.0002155303955078125
0.002246856689453125
-0.00160980224609375
-0.002655029296875
-0.00421142578125
0.00036907196044921875
-0.00080108642578125
0.005268096923828125
-0.0003662109375
-0.0024566650390625
0.0031585693359375
-0.00882720947265625
0.01263427734375
-0.00836181640625
0.0081939697265625
-0.0058746337890625
-0.00025177001953125
-0.002101898193359375
-0.000652313232421875
0.0003910064697265625
-0.001224517822265625
0.00043487548828125
0.0013446807861328125
-0.001239776611328125
-0.000865936279296875
0.0004730224609375
0.00087833404541015625
5.14984130859375e-05
0.0019073486328125
0.0009250640869140625
-0.000240325927734375
-4.00543212890625e-05
0.00042009353637695312
0.00055980682373046875
7.62939453125e-05
-0.0002498626708984375
-0.00077152252197265625
-0.0025043487548828125
0.00035953521728515625
-0.0017719268798828125
0.00023508071899414062
0.0006427764892578125
-0.00266265869140625
-5.7220458984375e-06
-0.0005512237548828125
-0.000274658203125
0.001461029052734375
-0.00015306472778320312
-0.0009403228759765625
0.001308441162109375
-0.00092411041259765625
0.001178741455078125
-0.00185394287109375
0.00089740753173828125
0.00107574462890625
-0.00231170654296875
-0.00028228759765625
0.0013904571533203125
-0.002166748046875
-0.00250244140625
0.00018978118896484375
-0.0014896392822265625
-6.29425048828125e-05
0.0018463134765625
-8.96453857421875e-05
0.000743865966796875
0.0018978118896484375
0.0015635490417480469
-0.0009441375732421875
-0.000400543212890625
0.00024890899658203125
0.004665374755859375
0.00146484375
0.001079559326171875
-0.0035552978515625
-0.002155303955078125
0.013153076171875
-0.00118255615234375
0.003124237060546875
0.00066375732421875
0.00112152099609375
0.0016841888427734375
0.0004062652587890625
-0.00437164306640625
-0.0012731552124023438
0.00037264823913574219
-0.00084686279296875
-0.001743316650390625
-0.000732421875
0.0015850067138671875
0.0016937255859375
-0.00073337554931640625
-0.0012664794921875
0.0005588531494140625
0.00040721893310546875
-0.001308441162109375
0.002166748046875
-0.003093719482421875
0.0003108978271484375
0.0018157958984375
-0.0002994537353515625
0.002994537353515625
0.0017528533935546875
0.0024700164794921875
-0.000667572021484375
-0.0010418891906738281
-0.00016880035400390625
0.00048065185546875
-0.00095272064208984375
0.001979827880859375
0.00074148178100585938
-0.0009918212890625
0.001285552978515625
-8.20159912109375e-05
0.0002765655517578125
0.000614166259765625
0.0010528564453125
-0.003734588623046875
-0.0001773834228515625
0.0007724761962890625
0.0001926422119140625
-0.0004673004150390625
0.00101470947265625
-0.00103759765625
-0.00263214111328125
-0.0004119873046875
0.00021266937255859375
-0.000598907470703125
0.00199127197265625
-0.00014591217041015625
-0.00051784515380859375
0.0002079010009765625
0.002685546875
-0.00109100341796875
0.0009613037109375
-0.001659393310546875
-0.0024871826171875
0.00397491455078125
0.00571441650390625
0.0057525634765625
-0.00727081298828125
-0.00092315673828125
-0.0067291259765625
-0.0031452178955078125
0.00042724609375
9.34600830078125e-05
0.00084686279296875
-0.001316070556640625
-9.5367431640625e-06
-3.62396240234375e-05
-0.0012941360473632812
-0.005252838134765625
-0.000423431396484375
-0.00088787078857421875
0.0003070831298828125
0.0007801055908203125
0.0029125213623046875
0.00054168701171875
-0.0002593994140625
0.0008335113525390625
0.0008087158203125
0.00027322769165039062
-0.0010204315185546875
0.000759124755859375
-0.0018711090087890625
0.001316070556640625
-0.0011105537414550781
0.0013332366943359375
-0.0002155303955078125
-0.002346038818359375
-0.0021991729736328125
0.0010166168212890625
2.384185791015625e-06
-0.0022125244140625
0.001857757568359375
0.0010881423950195312
-0.00042819976806640625
0.00061798095703125
-0.0005779266357421875
-0.00098896026611328125
-0.0002956390380859375
0.0008983612060546875
0.003620147705078125
0.001575469970703125
0.0008831024169921875
0.00238800048828125
-0.00093841552734375
0.00295257568359375
-0.000766754150390625
0.0011730194091796875
-0.0010242462158203125
-0.0020904541015625
-0.0001583099365234375
0.000896453857421875
0.0012722015380859375
-0.0004730224609375
0.0014066696166992188
-0.00082874298095703125
0.0006866455078125
-0.000400543212890625
0.001129150390625
0.006072998046875
0.00849151611328125
