0.00106048583984375
-0.00018310546875
-0.000518798828125
0.0006866455078125
0.000396728515625
0.000732421875
-6.103515625e-05
0.001708984375
-0.000152587890625
-0.000640869140625
-3.0517578125e-05
-3.0517578125e-05
0.000244140625
-0.000213623046875
-4.57763671875e-05
-0.00042724609375
0.0002593994140625
-0.0003662109375
-0.00177001953125
-0.0003662109375
3.1054019927978516e-05
-0.0007476806640625
0.000885009765625
-0.000762939453125
0.0015869140625
0.00077056884765625
0.000396728515625
0.0001678466796875
-0.000152587890625
0.00018310546875
6.103515625e-05
0.0009765625
0.000518798828125
0.0057373046875
0.0029296875
0.00018310546875
-0.000732421875
0.000457763671875
-0.00152587890625
0.0010986328125
0.0001678466796875
0.0023193359375
0.000732421875
-0.000152587890625
6.103515625e-05
0.000518798828125
-0.0009765625
0.00018310546875
0.00054931640625
0.002197265625
-0.001220703125
-0.00018310546875
0.000213623046875
-0.00018310546875
-0.000244140625
0.0002899169921875
-0.000244140625
0.00018310546875
0.0003662109375
0.0001068115234375
-0.000823974609375
0.00146484375
-0.00023651123046875
0.0001220703125
0.00067138671875
-0.00103759765625
-0.0001068115234375
0.00042724609375
-0.00213623046875
0.000335693359375
0.00079345703125
-0.001190185546875
0.00042724609375
0.0005035400390625
0.001220703125
0.0
-0.0001220703125
3.0517578125e-05
-0.000732421875
0.0001220703125
0.00030517578125
-0.000152587890625
-0.00390625
-0.000274658203125
0.000244140625
-0.0003662109375
0.00341796875
0.0001220703125
-0.0004119873046875
0.000396728515625
0.0005950927734375
-0.0023193359375
-0.0002899169921875
0.00189208984375
0.00018310546875
-6.103515625e-05
0.00054931640625
0.0010986328125
0.001068115234375
7.62939453125e-05
-0.0001678466796875
-0.00018310546875
-0.0001220703125
-0.000396728515625
-0.000152587890625
-0.0006103515625
-0.0001220703125
-0.000244140625
-0.00054931640625
-0.000213623046875
-0.00067138671875
0.00079345703125
-0.000274658203125
0.0003662109375
0.00177001953125
-0.0008544921875
0.00091552734375
-0.00030517578125
0.000946044921875
-0.000698089599609375
-0.001708984375
-0.000946044921875
-0.000396728515625
0.00225830078125
-0.000640869140625
5.340576171875e-05
0.0009613037109375
-0.001220703125
0.0010986328125
-0.00018310546875
-0.0015411376953125
-0.00146484375
-0.000885009765625
-0.00030517578125
-0.0003204345703125
0.00140380859375
9.1552734375e-05
-0.000396728515625
-0.0007476806640625
0.00048828125
0.00140380859375
-0.000244140625
0.000885009765625
-0.00030517578125
0.00030517578125
0.0
-0.0010986328125
-0.001068115234375
-6.103515625e-05
0.000701904296875
0.0001220703125
0.0006103515625
-3.0517578125e-05
0.0001220703125
-9.1552734375e-05
-0.0018310546875
0.00244140625
-9.1552734375e-05
0.0008544921875
-0.00067138671875
0.0008544921875
-0.00042724609375
0.0001220703125
-0.00054931640625
0.000396728515625
0.0010986328125
0.000335693359375
-0.000244140625
6.866455078125e-05
-0.00054931640625
-0.000823974609375
0.00177001953125
0.0001220703125
3.0517578125e-05
-0.0037841796875
-0.00048828125
-0.0010986328125
-0.001708984375
-0.0020751953125
0.000244140625
0.000335693359375
-6.103515625e-05
-0.0006103515625
0.000213623046875
0.000335693359375
-6.103515625e-05
0.00030517578125
0.000640869140625
-0.0006561279296875
6.103515625e-05
-0.00128173828125
-0.00067138671875
-0.00048828125
-6.103515625e-05
0.0
-0.00042724609375
-0.00048828125
-0.00037384033203125
-0.000885009765625
-0.00079345703125
-0.000244140625
0.000396728515625
-0.000335693359375
0.000396728515625
-0.0005645751953125
0.0002288818359375
-0.0001678466796875
-0.000213623046875
-0.0013427734375
-6.103515625e-05
0.00014495849609375
-0.00091552734375
-0.0009765625
-0.00140380859375
0.0009765625
0.000152587890625
-0.0010986328125
0.000579833984375
-0.00067138671875
-0.000152587890625
-0.0003662109375
-0.000762939453125
-9.1552734375e-05
-0.00103759765625
-0.000152587890625
-0.00189208984375
0.000885009765625
0.00091552734375
-0.001129150390625
0.0003662109375
0.00048828125
0.00067138671875
-0.00048828125
-0.00018310546875
0.0001373291015625
-0.000732421875
0.0006103515625
-1.52587890625e-05
0.0015869140625
-0.00030517578125
-0.000885009765625
-0.00128173828125
-0.000244140625
0.0007476806640625
-0.0003662109375
0.00067138671875
-0.00128173828125
-0.00054931640625
3.0517578125e-05
-0.000335693359375
-0.0004730224609375
-0.00152587890625
6.103515625e-05
-0.0009765625
-7.62939453125e-05
-0.000640869140625
0.00323486328125
2.288818359375e-05
-0.0001678466796875
0.000518798828125
-0.001190185546875
-0.00054931640625
-0.0001373291015625
-9.918212890625e-05
-0.000152587890625
-0.00030517578125
0.00054931640625
0.00030517578125
-0.0004425048828125
6.103515625e-05
-0.000213623046875
-9.1552734375e-05
0.00048828125
3.0517578125e-05
-0.00030517578125
-0.0010986328125
0.00054931640625
0.00201416015625
0.00074005126953125
0.00054931640625
0.0005035400390625
-0.000274658203125
-0.000396728515625
-7.62939453125e-05
-0.0004425048828125
0.00030517578125
0.000396728515625
-0.0004425048828125
-0.00250244140625
-0.000732421875
-0.0015869140625
-0.00079345703125
-0.000579833984375
-0.00421142578125
-0.0003662109375
0.000701904296875
6.103515625e-05
0.0003204345703125
-0.000244140625
-0.00022125244140625
0.00262451171875
-0.0001068115234375
-0.0010986328125
0.000946044921875
-0.00048828125
0.000244140625
6.103515625e-05
0.00140380859375
0.000244140625
0.000518798828125
-0.0001220703125
0.00103759765625
0.00225830078125
-0.0011749267578125
0.000213623046875
-0.000457763671875
-0.00030517578125
9.1552734375e-05
-4.57763671875e-05
-0.000762939453125
0.0010986328125
-0.000701904296875
-0.00018310546875
-0.000213623046875
-0.0001678466796875
6.103515625e-05
-0.00054931640625
-0.00177001953125
-0.0006256103515625
-0.0010986328125
0.00128173828125
0.0001983642578125
0.000579833984375
0.0003662109375
-0.000244140625
0.0006103515625
-0.000732421875
0.001434326171875
0.000335693359375
0.000823974609375
0.0009002685546875
-0.00091552734375
-0.000732421875
0.001220703125
-0.0006103515625
-0.00152587890625
0.000244140625
-0.000946044921875
0.00146484375
0.0
0.00347900390625
3.814697265625e-06
0.000244140625
0.000202178955078125
0.000244140625
0.00079345703125
0.002685546875
-0.0006103515625
0.0009765625
-0.00115966796875
-0.000244140625
0.000732421875
-0.001708984375
-0.000213623046875
0.000274658203125
0.000362396240234375
0.00018310546875
-3.0517578125e-05
-0.0002593994140625
-0.0030517578125
-0.00018310546875
-0.000152587890625
9.1552734375e-05
0.001007080078125
0.00103759765625
0.000244140625
-0.000244140625
-0.0001220703125
0.00045013427734375
-3.0517578125e-05
-9.1552734375e-05
0.00206756591796875
-0.00018310546875
0.00018310546875
-0.00067138671875
-0.000423431396484375
0.001007080078125
-0.001068115234375
0.0005035400390625
-0.000701904296875
-0.00079345703125
0.000457763671875
0.000274658203125
-0.0006256103515625
-0.00030517578125
-0.0009765625
0.0004119873046875
-0.00030517578125
0.0014190673828125
6.103515625e-05
-0.001007080078125
-0.00031280517578125
0.0015869140625
3.0517578125e-05
-0.000274658203125
0.000732421875
0.000457763671875
0.000152587890625
-4.57763671875e-05
0.00262451171875
0.001495361328125
0.001495361328125
0.00054931640625
-0.000885009765625
-0.00341796875
-0.0001220703125
0.000244140625
-0.002197265625
0.0015869140625
0.00146484375
0.0001068115234375
0.00079345703125
-0.001434326171875
-0.00048828125
-9.1552734375e-05
-6.103515625e-05
-0.001220703125
-0.0013580322265625
0.000701904296875
0.00030517578125
3.0517578125e-05
0.00018310546875
-0.000152587890625
-0.000701904296875
0.00067138671875
0.000274658203125
0.00034332275390625
2.6702880859375e-05
-0.000213623046875
-0.0005645751953125
-0.00054931640625
0.0006103515625
-3.814697265625e-05
-0.00030517578125
0.0001678466796875
-0.0005950927734375
0.0001220703125
-0.0003662109375
-0.00014495849609375
-0.00115966796875
-1.52587890625e-05
4.57763671875e-05
-0.00054931640625
0.00128173828125
-0.00115966796875
-0.0008544921875
-0.000732421875
-0.00067138671875
-0.0003528594970703125
-0.0003509521484375
0.0006103515625
0.001251220703125
0.001007080078125
-0.0008544921875
0.00030517578125
0.0010833740234375
0.00018310546875
0.00152587890625
-0.00042724609375
0.001529693603515625
-0.00146484375
-0.00140380859375
0.000823974609375
0.00244140625
-0.000518798828125
0.00048828125
-0.0004558563232421875
-0.000396728515625
0.00016021728515625
-0.00048828125
-0.00225830078125
0.000396728515625
0.0013427734375
0.0009765625
-0.0003662109375
-3.814697265625e-06
1.52587890625e-05
0.00250244140625
-0.000885009765625
-0.0020751953125
0.00016021728515625
0.00372314453125
6.103515625e-05
-0.0001068115234375
0.000732421875
0.001129150390625
0.000274658203125
0.00091552734375
-6.103515625e-05
0.0003814697265625
0.00048828125
-1.52587890625e-05
-0.000244140625
0.001434326171875
-0.000396728515625
6.103515625e-05
0.0003204345703125
-6.103515625e-05
-0.000518798828125
-0.0003204345703125
0.00048828125
-6.103515625e-05
0.000301361083984375
0.000335693359375
-0.000152587890625
-0.0006103515625
-0.00069427490234375
-0.000396728515625
0.0
0.000213623046875
-0.00067138671875
-0.00177001953125
-0.001251220703125
0.00048828125
-1.52587890625e-05
0.0001220703125
-0.001007080078125
-0.001983642578125
-0.0009765625
0.00093841552734375
-0.00067138671875
-0.000274658203125
-6.103515625e-05
-0.0003662109375
0.002197265625
0.00140380859375
-0.00042724609375
-0.000885009765625
0.00079345703125
0.000396728515625
0.00091552734375
-0.0002899169921875
-0.000152587890625
-0.0002288818359375
-0.00054931640625
0.000885009765625
0.000152587890625
0.00140380859375
-0.00091552734375
0.0013427734375
0.00055694580078125
0.00103759765625
-0.000213623046875
0.0010986328125
0.0
-0.000244140625
-6.103515625e-05
-0.0003662109375
0.00189208984375
0.000762939453125
0.00058746337890625
-0.000335693359375
0.00042724609375
-0.000583648681640625
-0.0008544921875
-0.000152587890625
-0.000274658203125
0.0
3.0517578125e-05
8.392333984375e-05
0.000732421875
0.0002593994140625
0.000274658203125
6.103515625e-05
0.000152587890625
0.0005035400390625
-0.00146484375
0.000701904296875
-6.103515625e-05
0.000457763671875
0.0002593994140625
-0.0003814697265625
0.0014495849609375
-0.000579833984375
0.00020599365234375
0.000396728515625
1.52587890625e-05
6.103515625e-05
0.00054931640625
-0.000152587890625
0.00025177001953125
0.000885009765625
-0.000274658203125
0.00390625
-0.001007080078125
-3.0517578125e-05
-0.00054931640625
-0.00054931640625
-0.000179290771484375
0.0010528564453125
0.0001220703125
6.103515625e-05
0.0005054473876953125
0.000732421875
0.00048828125
-0.0020599365234375
-0.00054931640625
-0.000762939453125
-0.0001068115234375
-0.00054931640625
-0.0011444091796875
0.00067138671875
-0.00042724609375
0.000152587890625
0.001922607421875
0.0003662109375
0.000213623046875
-0.0003662109375
-0.001220703125
0.0006866455078125
0.0002593994140625
-0.00091552734375
0.000274658203125
-0.00103759765625
-0.000396728515625
-0.00048828125
0.0006256103515625
0.0006103515625
-0.00034332275390625
0.000640869140625
0.00042724609375
0.00030517578125
-7.62939453125e-05
0.0
4.57763671875e-05
9.1552734375e-05
-0.00067138671875
-0.00103759765625
0.0001678466796875
0.000396728515625
0.0001220703125
-0.000701904296875
4.57763671875e-05
0.0008544921875
0.0008544921875
-0.000457763671875
-0.000274658203125
-0.0008544921875
-0.002044677734375
0.000457763671875
-0.00067138671875
0.00049591064453125
0.001220703125
0.000789642333984375
0.0008544921875
0.0
0.00128173828125
-0.00067138671875
-0.001129150390625
-0.0015869140625
0.00054931640625
-0.0001220703125
-0.00103759765625
-0.0006103515625
0.00103759765625
0.000335693359375
0.0006103515625
0.0005340576171875
-3.0517578125e-05
-0.000457763671875
6.103515625e-05
-0.0009002685546875
-0.00012969970703125
0.0002899169921875
-0.000274658203125
4.57763671875e-05
0.001251220703125
-0.00054931640625
0.00054931640625
0.00018310546875
-0.00118255615234375
0.00030517578125
9.1552734375e-05
0.000885009765625
-3.0517578125e-05
0.00067138671875
0.0005035400390625
-0.0014495849609375
0.001220703125
0.00030517578125
-0.000213623046875
0.00037264823913574219
0.00018310546875
0.0006103515625
-6.103515625e-05
0.001953125
0.001312255859375
-0.000396728515625
0.000125885009765625
0.00030517578125
-0.00079345703125
0.0001220703125
-0.0003662109375
-3.0517578125e-05
0.000701904296875
-0.00390625
-0.00140380859375
0.0006103515625
0.00115966796875
0.000640869140625
-7.62939453125e-05
3.0517578125e-05
-0.0005340576171875
-0.00022125244140625
0.0005950927734375
0.0002899169921875
0.0001373291015625
-9.1552734375e-05
0.00128173828125
-0.00048828125
-0.00115966796875
0.000518798828125
-0.000274658203125
-0.00091552734375
-0.0003662109375
-0.0003662109375
0.000274658203125
-0.0001220703125
6.103515625e-05
-0.0009765625
0.0028076171875
0.00030517578125
-0.00042724609375
0.0
0.0004425048828125
-0.00054931640625
0.00080108642578125
-0.0006256103515625
-0.001220703125
0.001220703125
0.000213623046875
-0.000213623046875
0.00054931640625
0.0003662109375
-0.0001220703125
-0.0003814697265625
-0.00048828125
0.0013427734375
0.0
-4.57763671875e-05
-0.00020599365234375
-6.103515625e-05
-3.0517578125e-05
-0.000457763671875
-0.0001983642578125
0.0008544921875
-0.002044677734375
0.000946044921875
0.000152587890625
-0.00042724609375
0.0007171630859375
0.00048828125
-0.0003662109375
0.0007781982421875
0.0028076171875
0.000152587890625
-0.00054931640625
0.00128173828125
0.0006103515625
0.0008544921875
-0.000701904296875
3.0517578125e-05
0.0003662109375
-0.0003662109375
-0.00103759765625
-0.0009765625
-0.00058746337890625
-0.00030517578125
-0.0003662109375
-0.000457763671875
-0.0001983642578125
-0.000396728515625
0.000640869140625
-0.000701904296875
0.000244140625
0.00140380859375
6.103515625e-05
-0.00146484375
0.000946044921875
0.0001983642578125
-0.00048828125
0.0003662109375
-0.000640869140625
-0.000152587890625
0.0003662109375
0.000762939453125
-0.0003662109375
-0.000946044921875
0.0
0.0002593994140625
-0.00146484375
-0.00079345703125
0.000339508056640625
-0.0003662109375
0.00067138671875
-0.000213623046875
0.0008544921875
-0.0001220703125
-0.00396728515625
-0.000244140625
-0.000274658203125
0.0001220703125
0.00238037109375
0.000396728515625
0.000244140625
-0.0002288818359375
-0.0005645751953125
-0.0010223388671875
-0.0001220703125
0.0004119873046875
0.0001220703125
0.00103759765625
0.000457763671875
-0.0001220703125
0.00041961669921875
-6.103515625e-05
4.57763671875e-05
-0.0006103515625
0.00128173828125
0.000457763671875
-0.0003204345703125
0.00048828125
0.002532958984375
0.00048828125
0.00018310546875
0.00048828125
-0.0007171630859375
-0.00030517578125
0.000457763671875
0.000701904296875
5.340576171875e-05
-0.00103759765625
-6.103515625e-05
0.00022125244140625
-0.001495361328125
-0.00048828125
0.000640869140625
0.00048828125
0.0001220703125
-0.000885009765625
0.00439453125
0.00067138671875
-0.00030517578125
0.0003509521484375
0.000579833984375
0.001373291015625
0.0009765625
0.000701904296875
-0.000335693359375
0.0001983642578125
0.000152587890625
-0.0005950927734375
0.00042724609375
-0.000823974609375
0.00030517578125
6.103515625e-05
0.00018310546875
-0.0004425048828125
0.00067138671875
0.000152587890625
-0.00067138671875
-0.000274658203125
0.000457763671875
0.00048828125
-0.0005035400390625
0.0001220703125
-0.0020751953125
-0.0001068115234375
3.0517578125e-05
0.000518798828125
0.00018310546875
0.000244140625
-0.000244140625
-0.00026702880859375
-0.000518798828125
0.000457763671875
6.103515625e-05
0.000274658203125
-0.0003662109375
0.000244140625
6.103515625e-05
0.00045013427734375
-0.000213623046875
0.0001983642578125
0.0004425048828125
-0.00067138671875
-0.000244140625
-0.00152587890625
-0.00048828125
6.103515625e-05
0.00048828125
0.00048828125
0.0
-0.000762939453125
0.0001220703125
-0.00042724609375
0.00128173828125
-0.00030517578125
0.0008544921875
-0.001220703125
-0.00103759765625
-0.0001678466796875
2.288818359375e-05
0.00048828125
-0.00091552734375
0.0004425048828125
0.0006103515625
0.0002288818359375
-0.00140380859375
0.0
4.57763671875e-05
-6.103515625e-05
-0.00052642822265625
-7.62939453125e-05
0.0001983642578125
-0.000244140625
0.00043487548828125
-0.000274658203125
0.000274658203125
-0.001495361328125
-0.000244140625
0.000152587890625
-0.0002593994140625
-0.000457763671875
-0.00030517578125
0.00030517578125
0.000244140625
0.000152587890625
-0.000213623046875
-6.866455078125e-05
-0.00030517578125
0.0003204345703125
-0.0002288818359375
-0.0009307861328125
0.000125885009765625
-5.340576171875e-05
-0.0005950927734375
0.0
0.00031280517578125
-0.001373291015625
0.00091552734375
0.0004119873046875
0.0003814697265625
9.1552734375e-05
0.00018310546875
-0.0013427734375
0.0003662109375
-0.0008544921875
-0.0006103515625
0.00042724609375
-0.000701904296875
-0.0032501220703125
-0.0013427734375
0.0005035400390625
-3.0517578125e-05
0.00103759765625
0.00030517578125
-0.004150390625
-0.0001678466796875
-0.0001220703125
0.000518798828125
0.0003204345703125
-0.000335693359375
-0.000518798828125
-0.000732421875
-0.00022125244140625
0.00091552734375
-0.00018310546875
0.000732421875
0.000396728515625
0.0002899169921875
0.000640869140625
0.00042724609375
3.0517578125e-05
0.000335693359375
0.0001983642578125
-0.000244140625
-1.52587890625e-05
0.000274658203125
0.000152587890625
4.57763671875e-05
-0.000518798828125
-0.0001678466796875
-0.00030517578125
-0.00042724609375
-8.392333984375e-05
0.0005035400390625
-0.00054931640625
-0.0002899169921875
-0.0010986328125
0.000335693359375
0.0008544921875
-0.001129150390625
-0.000335693359375
0.001556396484375
-9.1552734375e-05
0.0003814697265625
-6.103515625e-05
-0.000823974609375
0.00042724609375
-9.1552734375e-05
-0.000152587890625
0.0003814697265625
0.0013427734375
0.0001220703125
0.0001983642578125
0.000274658203125
-0.00146484375
-0.001495361328125
0.0
-0.0005340576171875
-4.57763671875e-05
0.000152587890625
-0.001495361328125
-0.000701904296875
-0.000579833984375
7.62939453125e-06
0.0001220703125
-1.52587890625e-05
-0.001708984375
0.001220703125
-0.00018310546875
0.0001983642578125
-0.000579833984375
0.0003662109375
0.000762939453125
0.00018310546875
0.0015869140625
0.0001220703125
-0.00018310546875
9.1552734375e-05
0.0003662109375
6.103515625e-05
0.0
-0.0011138916015625
-0.001220703125
-0.0002593994140625
0.00030517578125
-0.000152587890625
-0.0001220703125
-6.103515625e-05
4.57763671875e-05
0.0006103515625
-3.0517578125e-05
0.0004444122314453125
0.001220703125
-0.0001983642578125
0.0
0.0001220703125
0.000152587890625
-0.0001373291015625
0.0001373291015625
0.002685546875
0.00016021728515625
-0.00018310546875
0.0
-0.001861572265625
0.0006103515625
0.000152587890625
0.00030517578125
-0.0054931640625
-0.00177001953125
0.000102996826171875
-4.57763671875e-05
0.00262451171875
-0.00042724609375
0.00018310546875
-7.62939453125e-05
0.0008544921875
-6.103515625e-05
-7.62939453125e-05
0.0005035400390625
-0.00042724609375
0.000213623046875
0.00048828125
0.0020751953125
-0.001007080078125
3.0517578125e-05
-0.00091552734375
0.00189208984375
-0.000823974609375
-0.00023651123046875
0.00079345703125
0.0042724609375
-0.000732421875
0.000396728515625
0.0018310546875
-0.00038909912109375
9.1552734375e-05
-0.0032958984375
0.000396728515625
0.000823974609375
-0.00109100341796875
-0.00042724609375
-0.000457763671875
0.00054931640625
-0.001190185546875
-0.00018310546875
0.00201416015625
0.00115966796875
0.00017547607421875
-0.00115966796875
-0.000885009765625
0.0001678466796875
0.0006866455078125
0.00020599365234375
-0.00019073486328125
0.000518798828125
6.103515625e-05
0.000152587890625
-0.0002288818359375
0.0003662109375
9.918212890625e-05
-6.103515625e-05
-0.000152587890625
-0.0003204345703125
-0.000152587890625
-6.103515625e-05
-0.0003662109375
0.0003204345703125
0.0005340576171875
0.0004425048828125
0.000579833984375
0.00146484375
0.00048828125
-1.52587890625e-05
0.0
-0.000213623046875
0.0001220703125
-0.000579833984375
-0.000270843505859375
-0.00017547607421875
0.00042724609375
0.00030517578125
-0.000244140625
0.000213623046875
0.00118255615234375
0.00128173828125
0.00048828125
-3.0517578125e-05
-0.000518798828125
0.001007080078125
-0.00140380859375
-0.000885009765625
0.000244140625
0.0003662109375
0.000457763671875
-0.001953125
-6.103515625e-05
0.0007171630859375
-0.000152587890625
-0.00030517578125
0.00018310546875
0.003173828125
4.57763671875e-05
-0.000579833984375
-0.00054931640625
-0.00018310546875
-0.0008544921875
-0.0003662109375
0.0006256103515625
0.0002288818359375
-0.00140380859375
-2.288818359375e-05
-1.52587890625e-05
0.0010986328125
-9.1552734375e-05
0.000213623046875
-0.0002288818359375
-1.52587890625e-05
-0.000247955322265625
-0.000152587890625
0.00048828125
-0.0001220703125
0.0004425048828125
4.57763671875e-05
-0.0010223388671875
0.000152587890625
-0.0004730224609375
0.0001373291015625
0.00103759765625
0.000701904296875
-4.57763671875e-05
0.00146484375
0.000152587890625
-0.000274658203125
0.0013427734375
-0.0002593994140625
-0.00030517578125
0.0002288818359375
0.000213623046875
-6.103515625e-05
0.0001220703125
0.000335693359375
-0.000244140625
0.000335693359375
-0.00042724609375
0.00030517578125
-0.000457763671875
0.00034332275390625
0.000213623046875
-0.00018310546875
0.001251220703125
-0.000579833984375
4.57763671875e-05
-0.000244140625
0.0022430419921875
-0.0009765625
-0.000701904296875
0.000640869140625
0.000118255615234375
0.0008544921875
-0.001678466796875
0.0002899169921875
0.0001678466796875
0.00244140625
0.001190185546875
-0.000335693359375
-0.0013427734375
0.00067138671875
0.00079345703125
-0.00079345703125
0.00011444091796875
0.0007781982421875
0.0001220703125
9.1552734375e-05
-0.000335693359375
0.00030517578125
-0.00042724609375
9.1552734375e-05
0.00034332275390625
-0.000396728515625
-0.0007781982421875
-0.000518798828125
0.0003662109375
9.1552734375e-05
0.0002593994140625
0.0002593994140625
0.0005035400390625
0.00018310546875
-4.57763671875e-05
-0.000244140625
-3.0517578125e-05
0.0003662109375
0.00037384033203125
0.00061798095703125
-0.0001373291015625
0.00091552734375
0.001434326171875
-0.0008544921875
-0.0002288818359375
-0.000213623046875
-0.000213623046875
-6.103515625e-05
-6.103515625e-05
0.0003662109375
3.0517578125e-05
-0.000518798828125
0.000274658203125
-0.00140380859375
0.0009765625
-3.0517578125e-05
0.0003662109375
-0.0001220703125
0.0003509521484375
-0.000213623046875
-0.00098419189453125
-0.0002288818359375
0.000244140625
-0.00030517578125
0.00018310546875
-0.0025634765625
-0.00067138671875
0.001373291015625
0.000518798828125
0.0023193359375
-0.0001068115234375
-0.0009765625
-0.0040283203125
0.00115966796875
-0.00341796875
-0.000396728515625
0.00152587890625
-0.00067138671875
0.0001220703125
0.00030517578125
-0.00018310546875
-0.0003662109375
-6.103515625e-05
-0.000213623046875
0.0003814697265625
-0.000518798828125
0.0015106201171875
0.000171661376953125
0.00140380859375
-0.00018310546875
0.000335693359375
0.000156402587890625
-0.000110626220703125
-8.0108642578125e-05
-0.00013691186904907227
-6.103515625e-05
-7.62939453125e-05
-0.0001087188720703125
8.392333984375e-05
-0.0002899169921875
0.0002288818359375
-0.000335693359375
-0.00012969970703125
0.000701904296875
0.0004425048828125
0.00022125244140625
-0.00054931640625
-0.00018310546875
6.103515625e-05
0.00103759765625
0.001220703125
-0.000244140625
0.001220703125
0.0013427734375
0.0001220703125
-0.001190185546875
0.00128173828125
0.00030517578125
-0.00128173828125
0.0001220703125
0.001495361328125
-0.00103759765625
-0.00048828125
-0.000701904296875
0.0001220703125
-0.0010986328125
-0.0008544921875
6.103515625e-05
0.001678466796875
-0.0011749267578125
0.0009765625
0.001617431640625
0.0020751953125
0.0023193359375
-0.0014495849609375
-0.00054931640625
0.0013427734375
-0.0010986328125
0.000732421875
0.000244140625
0.000457763671875
-0.00042724609375
0.00177001953125
0.000518798828125
-0.00067138671875
0.000244140625
-0.0003662109375
-0.00064849853515625
0.003662109375
0.0004119873046875
-0.0002899169921875
0.0004425048828125
0.0005645751953125
-0.00067901611328125
-6.866455078125e-05
0.0003509521484375
0.00019073486328125
-0.0001068115234375
0.0002899169921875
-0.0001220703125
-0.0003509521484375
-6.103515625e-05
-0.00067138671875
0.000152587890625
6.4849853515625e-05
0.000274658203125
-0.0001678466796875
-6.103515625e-05
-7.62939453125e-05
-3.0517578125e-05
0.001312255859375
6.103515625e-05
-0.0004119873046875
0.0006103515625
-0.00079345703125
0.000457763671875
-0.001129150390625
-0.0023193359375
-0.00014495849609375
6.103515625e-05
-0.00042724609375
-0.00091552734375
0.00113677978515625
-0.00128173828125
-0.00012969970703125
-0.0008544921875
-0.00164794921875
0.00048828125
-0.0010986328125
-0.000762939453125
-0.00103759765625
-0.00048828125
-0.000885009765625
0.0009765625
0.00028228759765625
0.00067138671875
-0.001220703125
-0.00048828125
0.00018310546875
0.0001983642578125
-0.0006103515625
0.000244140625
-0.0003662109375
0.0003662109375
-0.00177001953125
0.00066375732421875
0.000732421875
-0.000640869140625
0.0009765625
-0.00079345703125
-0.000701904296875
-0.00054931640625
0.000213623046875
-0.0006103515625
-0.00018310546875
-0.000125885009765625
9.1552734375e-05
-0.0004730224609375
0.000110626220703125
-6.103515625e-05
-2.288818359375e-05
-0.0001678466796875
-0.00042724609375
0.0001220703125
-0.0005645751953125
0.0001373291015625
0.000213623046875
-0.0002593994140625
0.0002899169921875
9.918212890625e-05
-0.000244140625
-0.0005340576171875
6.103515625e-05
-0.00079345703125
-7.62939453125e-05
-0.0008087158203125
6.866455078125e-05
0.0
-0.001007080078125
-0.0013427734375
0.000457763671875
-3.0517578125e-05
-0.0003662109375
0.00244140625
2.288818359375e-05
0.001708984375
-0.000152587890625
0.000579833984375
0.000640869140625
0.000396728515625
-0.0008544921875
-6.103515625e-05
-0.0023193359375
0.000476837158203125
-0.00091552734375
-0.001953125
0.0015869140625
0.0006103515625
-0.000335693359375
-0.001953125
0.001312255859375
0.00067138671875
0.00030517578125
0.0003662109375
-0.0011749267578125
-0.0001373291015625
0.0013427734375
-0.000244140625
-0.000762939453125
-0.000518798828125
-0.0010986328125
-1.52587890625e-05
0.000640869140625
-0.000701904296875
0.000396728515625
-0.00146484375
-9.1552734375e-05
6.866455078125e-05
0.000579833984375
0.0001678466796875
-0.000457763671875
-4.57763671875e-05
-0.00031280517578125
5.7220458984375e-05
0.00025177001953125
-0.0002288818359375
-0.0001678466796875
0.0003509521484375
0.0001220703125
3.0517578125e-05
0.000152587890625
-8.392333984375e-05
4.57763671875e-05
-0.0004119873046875
3.0517578125e-05
-3.0517578125e-05
-0.0009765625
-0.000396728515625
-6.866455078125e-05
0.0002288818359375
0.000347137451171875
-0.000396728515625
9.1552734375e-05
6.103515625e-05
0.0003662109375
-0.00067138671875
-0.000457763671875
-0.000244140625
0.0009765625
0.0003662109375
0.0006103515625
-0.0003662109375
0.00054931640625
0.000518798828125
0.0008544921875
-9.1552734375e-05
-0.000152587890625
-0.00091552734375
-0.000640869140625
4.57763671875e-05
-0.000335693359375
1.52587890625e-05
-0.0010223388671875
-0.0008697509765625
0.00079345703125
-0.0008544921875
0.0008544921875
-0.00030517578125
0.000823974609375
-0.000213623046875
0.00048828125
-0.00042724609375
0.0003814697265625
-0.000148773193359375
0.00058746337890625
-0.00042724609375
0.00103759765625
-0.0003662109375
0.000701904296875
-0.00032806396484375
0.0001220703125
3.0517578125e-05
-0.0003204345703125
0.0006103515625
-0.00018310546875
0.0002593994140625
-0.0001068115234375
-0.000335693359375
0.0002460479736328125
-0.0002307891845703125
0.00067138671875
0.000102996826171875
-8.7738037109375e-05
4.76837158203125e-05
-0.000125885009765625
6.866455078125e-05
0.000518798828125
0.000701904296875
-9.1552734375e-05
0.0003509521484375
0.0
0.0001678466796875
-0.0001220703125
-0.000244140625
-0.001007080078125
-4.57763671875e-05
4.57763671875e-05
-0.00042724609375
0.00042724609375
0.000701904296875
-0.000335693359375
-0.0003204345703125
0.0007476806640625
-0.0001983642578125
-0.0006103515625
0.001953125
0.0006866455078125
0.0001220703125
0.0006103515625
-0.00042724609375
0.0001220703125
-0.00054931640625
0.00177001953125
0.0018310546875
-0.000579833984375
0.00042724609375
0.00299072265625
-0.0003662109375
2.288818359375e-05
0.000946044921875
0.0012969970703125
0.0002899169921875
-0.000545501708984375
0.00091552734375
0.000244140625
-0.000244140625
-0.00091552734375
-0.0001068115234375
-0.0013427734375
0.00054931640625
-0.000732421875
0.00140380859375
-0.000457763671875
-0.00067138671875
-0.000213623046875
9.1552734375e-05
0.0001220703125
-3.0517578125e-05
-0.000732421875
0.000244140625
0.0001678466796875
-0.0004425048828125
-0.00025844573974609375
0.000244140625
5.340576171875e-05
0.00026702880859375
0.0005035400390625
-0.000152587890625
3.0517578125e-05
-2.288818359375e-05
-0.0003662109375
0.0002593994140625
-0.000518798828125
0.0003814697265625
4.57763671875e-05
0.000335693359375
0.00048828125
-0.00018310546875
0.000457763671875
0.000152587890625
-0.0013427734375
-6.103515625e-05
8.392333984375e-05
-0.0013427734375
-0.0003662109375
3.0517578125e-05
0.00067138671875
-0.00152587890625
-6.103515625e-05
0.001220703125
0.0020751953125
0.00042724609375
0.00140380859375
-0.00048828125
0.00018310546875
0.0006103515625
0.000274658203125
-0.000244140625
0.00189208984375
-0.0009765625
-0.000732421875
-0.00079345703125
-0.000885009765625
-3.0517578125e-05
-0.00018310546875
0.0001220703125
0.00042724609375
-0.000732421875
-0.00140380859375
-3.0517578125e-05
0.000732421875
0.001190185546875
0.0006103515625
-0.0003662109375
0.0006103515625
-0.0013427734375
-0.00030517578125
0.0003814697265625
0.00042724609375
0.0008544921875
0.000225067138671875
0.000274658203125
-0.000232696533203125
-0.000244140625
-0.000213623046875
-0.000274658203125
0.00042724609375
0.0001983642578125
0.0004730224609375
0.000457763671875
0.0002288818359375
0.000640869140625
-0.00018310546875
0.00011444091796875
-6.866455078125e-05
0.0001678466796875
0.000274658203125
0.0003204345703125
-0.000244140625
-0.000640869140625
-0.0003204345703125
0.00028228759765625
0.000640869140625
0.00019073486328125
-0.0001220703125
-0.00115966796875
0.00048828125
0.0
0.000396728515625
-0.000244140625
-0.00103759765625
0.00079345703125
-0.000152587890625
0.000762939453125
0.0012969970703125
0.000701904296875
-0.0010986328125
0.000946044921875
6.103515625e-05
0.000213623046875
0.00146484375
0.00067138671875
-0.000762939453125
-0.00067138671875
-0.0009765625
0.000274658203125
0.003173828125
-0.0009765625
-0.000762939453125
0.00018310546875
-0.00048828125
-0.00048828125
-0.0011444091796875
-0.00042724609375
0.0012664794921875
-0.00018310546875
0.0003814697265625
7.2479248046875e-05
0.0006103515625
0.0004425048828125
-0.0003509521484375
-0.0001678466796875
-0.001007080078125
0.0
0.00026702880859375
9.34600830078125e-05
4.2676925659179688e-05
-0.00026702880859375
0.0
0.0001678466796875
4.57763671875e-05
0.000217437744140625
9.1552734375e-05
0.000244140625
-0.0009918212890625
8.392333984375e-05
0.0003509521484375
-0.000244140625
9.1552734375e-05
0.0002193450927734375
2.86102294921875e-06
-0.00070953369140625
0.000335693359375
-0.000244140625
-0.0003662109375
-0.00041961669921875
-0.00018310546875
-0.0002593994140625
0.000335693359375
-0.00408935546875
0.0023193359375
0.0006103515625
0.000518798828125
0.0002593994140625
-0.000274658203125
0.00030517578125
-0.00079345703125
-0.00115966796875
0.00152587890625
-0.00030517578125
0.000457763671875
-0.000213623046875
-0.00115966796875
-0.001190185546875
-3.814697265625e-05
0.0001220703125
6.103515625e-05
-6.103515625e-05
-0.0004425048828125
0.0013427734375
-3.0517578125e-05
0.0010223388671875
-0.00103759765625
0.0
0.00128173828125
0.0030517578125
-0.00054931640625
-0.0009765625
-0.001220703125
-0.000885009765625
0.0001220703125
-0.00030517578125
-0.000152587890625
-4.57763671875e-05
0.0001983642578125
-0.00079345703125
-4.57763671875e-05
0.000274658203125
-4.57763671875e-05
1.52587890625e-05
0.00025177001953125
0.000274658203125
0.000701904296875
-0.0001068115234375
1.1444091796875e-05
-0.000274658203125
3.0517578125e-05
3.814697265625e-05
-9.1552734375e-05
-4.76837158203125e-05
1.52587890625e-05
4.57763671875e-05
0.0001373291015625
-0.0001983642578125
-0.00018310546875
0.0010223388671875
0.0005035400390625
-0.00034332275390625
-0.001556396484375
-9.1552734375e-05
0.000274658203125
-0.0001983642578125
0.000579833984375
-0.001617431640625
0.0003662109375
-0.000244140625
-0.00018310546875
-0.0001373291015625
0.00030517578125
0.0008544921875
0.0001220703125
-0.00018310546875
-0.000335693359375
-0.00018310546875
0.00042724609375
6.103515625e-05
0.00164794921875
-0.0005645751953125
0.0001678466796875
0.000274658203125
-0.0010833740234375
0.000518798828125
-0.0008087158203125
-0.000244140625
-0.00128173828125
-0.0045166015625
-0.0008087158203125
0.0003662109375
-0.00518798828125
-0.00054931640625
0.0018310546875
1.52587890625e-05
0.00019073486328125
0.0005645751953125
-6.103515625e-05
-3.0517578125e-05
-0.0001220703125
9.1552734375e-05
-4.57763671875e-05
0.00054931640625
0.0002288818359375
-0.000152587890625
-6.103515625e-05
-7.62939453125e-05
7.62939453125e-05
-1.52587890625e-05
0.0002899169921875
-0.0002288818359375
2.288818359375e-05
0.0003814697265625
8.392333984375e-05
-0.00011444091796875
-0.00019073486328125
-3.0517578125e-05
-3.814697265625e-05
6.866455078125e-05
0.0001220703125
-7.62939453125e-05
1.52587890625e-05
-0.000457763671875
0.0001068115234375
-0.0006122589111328125
0.00063323974609375
-0.00018310546875
0.00018310546875
-0.00018310546875
-0.000946044921875
0.0008544921875
-0.001495361328125
-0.00103759765625
-0.001495361328125
-0.002197265625
0.0
-0.0003662109375
-0.00054931640625
0.0008544921875
0.000946044921875
0.000518798828125
-0.000396728515625
6.103515625e-05
-0.00048828125
-3.0517578125e-05
-1.52587890625e-05
-0.000640869140625
0.0005645751953125
0.0003662109375
-0.000701904296875
0.001220703125
-6.103515625e-05
0.0
0.000152587890625
0.0001220703125
0.0003662109375
-0.0002593994140625
0.000701904296875
-0.00146484375
-0.00079345703125
-0.0001220703125
0.000293731689453125
0.0001220703125
-0.0003204345703125
0.00079345703125
-7.62939453125e-05
0.00078582763671875
-0.00014495849609375
-6.103515625e-05
0.00034332275390625
7.62939453125e-05
0.0003509521484375
0.000274658203125
-4.00543212890625e-05
0.0002899169921875
1.52587890625e-05
9.1552734375e-05
-0.0002288818359375
-0.000331878662109375
-6.866455078125e-05
8.0108642578125e-05
0.00012969970703125
0.00018310546875
-0.0008544921875
0.00054931640625
-6.103515625e-05
0.0001373291015625
-0.00019073486328125
-0.00034332275390625
0.000457763671875
-0.000152587890625
-0.0003662109375
-0.00128173828125
0.00054931640625
0.0002288818359375
-2.6702880859375e-05
0.000732421875
0.00048828125
-0.00146484375
0.0013427734375
0.000732421875
0.00054931640625
-0.000152587890625
0.00128173828125
0.000244140625
0.000457763671875
-0.00091552734375
0.00115966796875
0.0015869140625
0.0009765625
6.103515625e-05
-0.0006103515625
-0.00152587890625
0.000244140625
0.00225830078125
0.000244140625
0.0008544921875
0.0003662109375
-0.002685546875
-0.0006103515625
0.0015869140625
0.001617431640625
-0.000213623046875
0.000335693359375
-0.00048828125
-0.001953125
-0.001068115234375
0.00054931640625
0.0001220703125
0.0003662109375
-0.0001220703125
-0.001068115234375
0.000152587890625
-6.4849853515625e-05
0.000335693359375
-0.0003814697265625
0.0001678466796875
9.918212890625e-05
7.62939453125e-06
-7.62939453125e-06
-7.62939453125e-05
-0.0001068115234375
-0.0001659393310546875
-3.0517578125e-05
-2.288818359375e-05
0.000396728515625
0.0001068115234375
-3.0517578125e-05
0.00025177001953125
0.0001678466796875
-0.000102996826171875
0.000762939453125
0.0001068115234375
0.000396728515625
-7.62939453125e-05
0.00018310546875
-7.62939453125e-05
-0.00103759765625
-0.00029754638671875
0.0003662109375
0.001129150390625
0.000732421875
0.0002593994140625
0.000274658203125
0.000701904296875
0.00115966796875
-0.000152587890625
0.00107574462890625
-0.00042724609375
-6.103515625e-05
-0.000274658203125
0.00069427490234375
0.00115966796875
-0.00067138671875
-0.0006103515625
0.00042724609375
0.0032958984375
-0.003662109375
0.00244140625
0.0008544921875
-0.00140380859375
0.0032958984375
-0.00048828125
-0.00112152099609375
0.0020751953125
0.001220703125
0.00048828125
-6.103515625e-05
0.000885009765625
0.0005645751953125
-7.62939453125e-05
0.0001220703125
0.0006561279296875
0.001434326171875
0.00103759765625
0.00011348724365234375
-0.000457763671875
-0.000274658203125
1.52587890625e-05
-0.000457763671875
0.0001220703125
-0.0001621246337890625
-0.0002288818359375
0.000274658203125
6.103515625e-05
0.000545501708984375
0.00015354156494140625
0.000244140625
-8.7738037109375e-05
-0.0003509521484375
0.0001220703125
0.0001678466796875
0.0
-0.000247955322265625
6.103515625e-05
0.00023651123046875
4.57763671875e-05
-0.000274658203125
8.392333984375e-05
8.392333984375e-05
-0.0002899169921875
0.0005950927734375
-7.62939453125e-05
0.00030517578125
-0.00026702880859375
-0.0013427734375
-0.0008544921875
-1.52587890625e-05
-0.000152587890625
-0.000885009765625
0.000518798828125
-0.0001220703125
-0.00048828125
0.0008544921875
-1.52587890625e-05
0.0
-0.0006103515625
0.001220703125
0.0003814697265625
0.0008544921875
-0.0009765625
-0.00079345703125
6.103515625e-05
-0.0042724609375
0.0001220703125
0.00048065185546875
-0.0013427734375
-0.0009765625
0.00030517578125
0.00067138671875
0.00018310546875
0.00146484375
0.00048828125
0.0002899169921875
0.000396728515625
-0.00064849853515625
-4.57763671875e-05
-1.52587890625e-05
0.0003814697265625
-6.103515625e-05
-0.0001373291015625
0.0001220703125
-0.0001697540283203125
-0.0001983642578125
0.0
7.2479248046875e-05
-0.0001678466796875
0.0002899169921875
-2.288818359375e-05
6.866455078125e-05
-0.0003662109375
-6.103515625e-05
2.288818359375e-05
-8.392333984375e-05
-0.00017547607421875
-0.000164031982421875
-0.000457763671875
0.0005950927734375
-0.0006256103515625
-0.000457763671875
-0.000255584716796875
-0.000225067138671875
-0.00018310546875
-6.103515625e-05
-0.0004119873046875
0.00079345703125
-0.00018310546875
-0.001129150390625
0.00019073486328125
0.0003662109375
0.0001220703125
6.103515625e-05
0.0005645751953125
7.62939453125e-05
-0.000762939453125
0.000732421875
-0.00054931640625
0.00077056884765625
0.000457763671875
-0.0013427734375
0.0004730224609375
0.0013427734375
-0.0035400390625
-0.0001220703125
-0.001922607421875
-0.00177001953125
0.000701904296875
0.000701904296875
-0.0001220703125
0.00018310546875
-0.000347137451171875
0.0015869140625
-0.0013427734375
-0.0004730224609375
0.00140380859375
-0.00030517578125
-0.000885009765625
0.000244140625
-0.000244140625
-0.000335693359375
4.57763671875e-05
-9.1552734375e-05
-0.0001373291015625
0.00018310546875
8.392333984375e-05
0.000885009765625
0.000335693359375
-0.00045013427734375
0.000701904296875
-0.0003509521484375
0.000396728515625
-0.0001678466796875
-0.0003662109375
-6.67572021484375e-06
-7.62939453125e-05
6.103515625e-05
-0.0001983642578125
7.62939453125e-06
0.000152587890625
-7.62939453125e-06
-6.103515625e-05
-1.52587890625e-05
0.0001373291015625
-0.00012969970703125
-7.62939453125e-06
9.1552734375e-05
0.000396728515625
-0.0001220703125
0.000640869140625
0.0005950927734375
0.0003814697265625
-3.814697265625e-05
0.00014495849609375
0.00030517578125
-0.000396728515625
0.000152587890625
0.0001220703125
-0.00128173828125
0.00018310546875
-0.00146484375
-0.000640869140625
-0.000732421875
0.0009765625
3.0517578125e-05
0.000244140625
-0.00042724609375
-3.0517578125e-05
9.1552734375e-05
-0.000213623046875
-0.000457763671875
-0.0009765625
0.0009765625
0.0002288818359375
0.00091552734375
0.0002288818359375
0.00018310546875
-0.000732421875
0.00042724609375
-0.0003509521484375
-0.0004730224609375
-0.00018310546875
-0.0006103515625
0.000274658203125
0.0001373291015625
0.0008392333984375
-0.00032806396484375
-0.0006561279296875
-4.57763671875e-05
0.0001678466796875
7.62939453125e-06
-0.000244140625
-0.000247955322265625
-0.000244140625
-9.1552734375e-05
0.00017547607421875
0.000301361083984375
-0.0001373291015625
0.00030517578125
-0.00012874603271484375
0.00012969970703125
-0.0001373291015625
-0.0003662109375
-6.866455078125e-05
0.000244140625
-0.0001373291015625
0.0
0.0002593994140625
0.0003662109375
0.00054931640625
-0.0001373291015625
-0.0001220703125
0.001373291015625
-0.000885009765625
-0.00023651123046875
0.000732421875
-0.000244140625
-0.000518798828125
-0.00048828125
-0.000823974609375
0.00079345703125
0.00103759765625
0.0001220703125
0.0008544921875
-0.00164794921875
-0.0002288818359375
9.1552734375e-05
-0.000213623046875
-1.52587890625e-05
0.0009765625
-0.00128173828125
-0.00048828125
0.000274658203125
-6.103515625e-05
-0.00046539306640625
-0.001495361328125
-0.00115966796875
-0.0013427734375
0.001312255859375
0.00042724609375
-0.00030517578125
-0.00042724609375
0.0002899169921875
-0.0010986328125
-3.0517578125e-05
-0.000347137451171875
0.001129150390625
0.00164794921875
-0.00042724609375
-0.000152587890625
-0.0008544921875
8.392333984375e-05
0.00048828125
0.0001068115234375
-1.52587890625e-05
9.918212890625e-05
-0.00048828125
-0.00030517578125
0.0001678466796875
-6.103515625e-05
-6.103515625e-05
4.57763671875e-05
-0.00023651123046875
8.392333984375e-05
0.00023651123046875
-5.340576171875e-05
0.00048828125
5.340576171875e-05
-0.000274658203125
0.00054931640625
0.00019073486328125
0.00018310546875
-0.0003662109375
5.245208740234375e-05
3.0517578125e-05
-0.00054931640625
-0.0001983642578125
-0.0004119873046875
0.0002899169921875
-0.000244140625
0.00140380859375
0.000213623046875
-0.001708984375
4.57763671875e-05
9.1552734375e-05
-0.000946044921875
0.00030517578125
-0.00140380859375
-0.00091552734375
-0.00048828125
-0.0002288818359375
-0.00164794921875
-0.001708984375
-0.0005035400390625
-0.00067138671875
-0.0008544921875
0.0004119873046875
-0.000946044921875
0.0003662109375
-0.0018310546875
0.00042724609375
0.00103759765625
-0.0003662109375
-0.002197265625
-0.00091552734375
0.00048828125
0.00048828125
0.0
0.00018310546875
-2.288818359375e-05
0.00042724609375
0.00030517578125
-0.000244140625
0.001220703125
0.00054931640625
0.000457763671875
-0.000152587890625
-0.00048828125
0.000640869140625
-3.0517578125e-05
0.0001220703125
-0.0001068115234375
0.0006103515625
-0.000152587890625
-1.52587890625e-05
1.52587890625e-05
-0.000217437744140625
-0.00048828125
-6.866455078125e-05
4.57763671875e-05
2.288818359375e-05
8.7738037109375e-05
0.0001220703125
7.62939453125e-05
0.0001678466796875
0.0002593994140625
0.000244140625
-1.1444091796875e-05
-0.0001068115234375
-3.0517578125e-05
4.57763671875e-05
3.0517578125e-05
0.000701904296875
-0.000335693359375
-0.000213623046875
0.0001220703125
-0.00018310546875
0.00128173828125
0.0009765625
-0.000762939453125
-0.002197265625
3.0517578125e-05
0.00057220458984375
0.000244140625
0.0006103515625
0.0020751953125
-0.000457763671875
-0.00146484375
0.00103759765625
-0.0005340576171875
-0.000946044921875
-0.0006103515625
-0.00030517578125
-0.0006103515625
-0.000335693359375
-0.00177001953125
-0.00140380859375
-0.0013427734375
0.0013427734375
0.00244140625
0.000946044921875
-0.0004425048828125
-0.000518798828125
-0.00030517578125
0.00030517578125
0.001953125
0.000457763671875
-0.00081634521484375
0.000152587890625
3.0517578125e-05
6.103515625e-05
0.000823974609375
0.0008392333984375
0.0001983642578125
-0.0001220703125
0.0006103515625
-0.0001659393310546875
-3.0517578125e-05
0.0001068115234375
0.000213623046875
0.00025177001953125
0.000396728515625
-3.0517578125e-05
-4.57763671875e-05
6.67572021484375e-05
0.0001220703125
0.0002593994140625
-0.000164031982421875
-0.000164031982421875
0.0003662109375
0.00020599365234375
4.57763671875e-05
0.000518798828125
0.0006256103515625
-0.00042724609375
-0.0015869140625
-0.0003204345703125
-0.001251220703125
0.000244140625
0.00213623046875
-0.00244140625
0.00018310546875
-0.0001068115234375
0.00030517578125
0.000885009765625
-0.001953125
-0.0023193359375
0.000274658203125
0.0003452301025390625
0.00347900390625
0.001220703125
-0.0030517578125
-0.000213623046875
-0.001708984375
0.000732421875
-0.0009765625
0.001678466796875
-0.00054931640625
-0.000274658203125
-0.0018310546875
0.000244140625
-0.000823974609375
0.0
-0.00018310546875
0.000396728515625
-0.000640869140625
-0.000244140625
-0.0006103515625
-6.103515625e-05
3.0517578125e-05
0.000152587890625
-0.000244140625
-0.000701904296875
-0.0009765625
0.0002288818359375
-0.000232696533203125
0.00043487548828125
-0.00023651123046875
-0.0008392333984375
0.0003509521484375
-0.000457763671875
-0.000152587890625
8.96453857421875e-05
0.0003509521484375
0.00042724609375
-0.00014495849609375
6.4849853515625e-05
0.00011444091796875
4.9591064453125e-05
-0.0001068115234375
0.000213623046875
0.00030517578125
-0.0003814697265625
-0.00030517578125
-0.000885009765625
0.000335693359375
0.000335693359375
-0.000732421875
0.000823974609375
-0.0001983642578125
0.00054931640625
0.001708984375
-6.103515625e-05
-0.0037841796875
0.000335693359375
-0.0037841796875
-4.57763671875e-05
0.00091552734375
-0.0016632080078125
0.00030517578125
0.0006103515625
0.00022125244140625
-0.00140380859375
0.0029296875
6.103515625e-05
0.00018310546875
-0.0001220703125
-0.00067138671875
-0.00201416015625
-0.0001220703125
-0.00146484375
0.00146484375
0.00028228759765625
-0.000885009765625
-0.002105712890625
-0.0001220703125
0.00146484375
0.000762939453125
-0.00177001953125
0.0008544921875
6.103515625e-05
0.00042724609375
-0.000244140625
0.00128173828125
-0.000274658203125
-0.0003204345703125
0.000213623046875
0.0005340576171875
0.00028228759765625
-0.0003662109375
0.0001983642578125
-0.000457763671875
-0.0004119873046875
-0.000385284423828125
-0.0004425048828125
-0.00012969970703125
6.866455078125e-05
-4.57763671875e-05
3.0517578125e-05
-0.000152587890625
0.0
-0.0001220703125
-6.103515625e-05
-0.000823974609375
-9.5367431640625e-05
-0.000640869140625
-0.0001678466796875
0.000244140625
-0.000354766845703125
-0.0007171630859375
0.00091552734375
-0.0003662109375
0.00048828125
0.00128173828125
0.00038909912109375
-0.00048828125
0.0003509521484375
-0.000640869140625
0.0003662109375
-0.00030517578125
0.00128173828125
0.000518798828125
0.0015716552734375
0.00079345703125
0.00079345703125
0.000518798828125
-0.00146484375
-0.001190185546875
-0.00146484375
0.00018310546875
0.00018310546875
-0.0003662109375
-0.00146484375
-0.001708984375
0.0006103515625
-0.00054931640625
-0.000244140625
0.0
-0.000244140625
0.0009765625
0.0010986328125
-0.00274658203125
0.00042724609375
-0.0019683837890625
0.0015869140625
-0.00213623046875
-0.001678466796875
-0.00067138671875
-0.000457763671875
-9.1552734375e-05
0.000885009765625
-0.0008544921875
-6.103515625e-05
0.0005035400390625
-0.000579833984375
-0.0005035400390625
4.57763671875e-05
0.0007171630859375
-0.0010223388671875
4.57763671875e-05
-1.52587890625e-05
0.0001220703125
7.62939453125e-05
0.0001983642578125
0.0001983642578125
0.00045013427734375
-0.0001983642578125
7.62939453125e-06
-0.0003509521484375
-0.0001068115234375
0.00012969970703125
-0.00067138671875
-0.0005340576171875
-0.00128173828125
0.0001220703125
-0.001556396484375
0.001190185546875
-0.0015869140625
-0.000274658203125
-9.1552734375e-05
0.00128173828125
-0.00030517578125
-0.001953125
-0.001708984375
0.001373291015625
-0.00140380859375
-0.00128173828125
-0.0001983642578125
0.00067138671875
-0.00030517578125
-0.000640869140625
-0.000396728515625
-7.62939453125e-05
0.00030517578125
-0.00042724609375
0.001953125
0.00213623046875
0.0013427734375
-0.00091552734375
-0.000244140625
-0.00103759765625
0.001861572265625
-0.00262451171875
0.00091552734375
0.0006103515625
-0.0006256103515625
0.000732421875
0.00054931640625
-0.003173828125
0.001617431640625
0.000640869140625
0.0003814697265625
-0.000514984130859375
-0.000244140625
-0.0004425048828125
-0.00022125244140625
-0.0001373291015625
0.000110626220703125
0.00054931640625
4.57763671875e-05
-0.000213623046875
-0.0002899169921875
0.00048828125
0.0003662109375
8.0108642578125e-05
-0.0004119873046875
1.52587890625e-05
-0.00014495849609375
0.00020599365234375
-0.00016021728515625
-0.0001678466796875
0.000335693359375
-7.62939453125e-06
-0.0002593994140625
0.000270843505859375
0.0001678466796875
0.000885009765625
-0.00048828125
-0.000194549560546875
-0.0006103515625
-0.0018310546875
0.000244140625
0.001190185546875
0.00095367431640625
-7.62939453125e-05
-0.0009765625
-0.0004119873046875
-0.0006103515625
0.00030517578125
0.0003662109375
-0.00103759765625
-0.0001220703125
0.0009765625
-0.0008544921875
6.103515625e-05
0.000885009765625
-0.003173828125
-0.0003662109375
0.00067138671875
0.000457763671875
0.001678466796875
0.000762939453125
0.000732421875
-0.000518798828125
-0.00054931640625
0.0015869140625
6.103515625e-05
0.00018310546875
-0.0001068115234375
0.0001220703125
-9.1552734375e-05
0.000396728515625
0.0003814697265625
-0.0005035400390625
0.0001220703125
0.000118255615234375
0.00048065185546875
-0.000579833984375
0.0006256103515625
-0.00018310546875
-0.000457763671875
0.0005340576171875
9.1552734375e-05
0.000152587890625
-0.00014495849609375
7.62939453125e-05
-0.00030517578125
0.00023651123046875
0.00018310546875
0.000152587890625
-6.103515625e-05
0.0001220703125
-9.1552734375e-05
0.000362396240234375
-0.0001983642578125
-1.52587890625e-05
7.62939453125e-05
6.866455078125e-05
0.0002288818359375
-0.0002593994140625
-0.0003204345703125
-0.000152587890625
0.000823974609375
-9.1552734375e-05
-0.00067138671875
0.0002899169921875
0.000518798828125
0.0002899169921875
-0.00140380859375
0.00146484375
-0.00035858154296875
0.0006866455078125
0.0008544921875
0.001007080078125
-0.001220703125
0.0018310546875
0.0
-6.103515625e-05
0.00048828125
-0.00225830078125
-0.0006103515625
0.000274658203125
0.00152587890625
-0.0009765625
-0.007080078125
-0.0010986328125
0.00164794921875
0.000396728515625
0.000213623046875
0.0009765625
-0.0006561279296875
-0.0001983642578125
-0.0006103515625
-0.000152587890625
-0.0006103515625
-0.00140380859375
-0.0006103515625
0.000213623046875
-0.00018310546875
-0.00079345703125
0.0
0.00030517578125
0.000335693359375
-0.001220703125
0.000518798828125
-0.00079345703125
9.1552734375e-05
-0.0005950927734375
0.00016021728515625
7.62939453125e-05
0.0006561279296875
-9.5367431640625e-07
0.00022125244140625
5.14984130859375e-05
-2.288818359375e-05
-0.00030517578125
0.0
-8.392333984375e-05
7.62939453125e-05
-0.00011444091796875
-8.96453857421875e-05
-9.1552734375e-05
-0.000152587890625
-4.57763671875e-05
7.62939453125e-05
-0.000335693359375
0.00042724609375
-0.00048828125
0.000396728515625
0.000457763671875
0.0006103515625
-0.00042724609375
0.00140380859375
-0.00164794921875
-0.0001220703125
0.0008544921875
-0.001800537109375
-0.0002593994140625
-0.0019378662109375
0.00048828125
-0.000274658203125
-0.000885009765625
0.00030517578125
0.000946044921875
0.00054931640625
0.00372314453125
-0.00250244140625
-0.0008544921875
-0.0018310546875
0.000732421875
-0.0006103515625
-0.00048828125
-0.00054931640625
0.0006103515625
0.0
0.003173828125
0.00091552734375
-0.00164794921875
0.0004730224609375
0.000274658203125
0.0008544921875
-0.000152587890625
0.00048828125
0.0008544921875
-7.62939453125e-05
0.0009002685546875
-0.00026702880859375
-0.000152587890625
-0.00042724609375
0.000396728515625
0.00026702880859375
3.0517578125e-05
0.00018310546875
0.0005645751953125
0.0001678466796875
8.20159912109375e-05
0.0002899169921875
-1.52587890625e-05
-0.00043487548828125
0.0002536773681640625
0.0001068115234375
5.340576171875e-05
-0.000396728515625
0.0001983642578125
-3.0517578125e-05
0.000213623046875
1.1444091796875e-05
-5.340576171875e-05
-8.392333984375e-05
-0.0001220703125
3.0517578125e-05
-0.000583648681640625
3.0517578125e-05
-4.57763671875e-05
-0.0002288818359375
6.103515625e-05
-0.0001068115234375
0.0008544921875
0.00038909912109375
0.0004730224609375
-0.00067138671875
-0.0010986328125
0.0001373291015625
0.001678466796875
-0.00018310546875
0.00140380859375
0.00060272216796875
-0.001251220703125
-0.002166748046875
0.00018310546875
0.000732421875
0.00042724609375
-0.00048828125
0.0008544921875
-0.00026702880859375
-0.000732421875
0.001220703125
0.0
-0.00341796875
-0.0009765625
0.0059814453125
-0.0008544921875
0.00049591064453125
-0.001007080078125
-0.00042724609375
0.000244140625
-0.000579833984375
-0.00018310546875
0.00140380859375
-0.0001983642578125
-0.000213623046875
-0.000518798828125
4.57763671875e-05
-0.0003204345703125
-7.62939453125e-05
-0.0001068115234375
-0.00010204315185546875
-0.000244140625
0.000202178955078125
-6.866455078125e-05
-0.000152587890625
0.0006103515625
0.000152587890625
9.1552734375e-05
-0.0001068115234375
0.0004119873046875
-0.0001068115234375
0.000347137451171875
-0.000186920166015625
7.2479248046875e-05
-4.57763671875e-05
6.866455078125e-05
0.000518798828125
0.0
-0.0003204345703125
-0.00011444091796875
0.000823974609375
-0.000946044921875
0.000457763671875
0.000194549560546875
0.0002899169921875
0.00177001953125
0.000152587890625
0.0006103515625
0.0006561279296875
9.1552734375e-05
0.00054931640625
0.0005950927734375
6.103515625e-05
-0.000518798828125
-0.000732421875
-0.0015869140625
0.002105712890625
0.000732421875
0.00103759765625
0.001190185546875
0.0010986328125
-0.0008544921875
-0.002685546875
0.00347900390625
0.0003662109375
-0.0006103515625
-0.00128173828125
-0.00177001953125
-0.0010986328125
-0.000701904296875
-0.0013427734375
-0.0003662109375
-0.000732421875
-0.00042724609375
-3.0517578125e-05
-0.0001068115234375
0.000396728515625
-0.00030517578125
0.0
-0.0002899169921875
0.000213623046875
-1.52587890625e-05
-0.0005340576171875
-0.0002593994140625
0.000152587890625
0.0001373291015625
-0.0003662109375
0.0002288818359375
0.0001068115234375
-0.000152587890625
-0.00054931640625
8.392333984375e-05
-0.0004425048828125
0.0004119873046875
-0.0003204345703125
0.000396728515625
7.62939453125e-05
-0.000152587890625
0.0001678466796875
-3.814697265625e-05
0.00018310546875
0.000335693359375
-8.392333984375e-05
3.4332275390625e-05
0.00030517578125
0.000244140625
-0.00043487548828125
3.0517578125e-05
3.0517578125e-05
0.000152587890625
-0.000213623046875
0.00091552734375
-0.001007080078125
0.0003814697265625
-7.62939453125e-06
0.00091552734375
0.00146484375
-0.000732421875
-0.000579833984375
-0.00164794921875
-0.0032501220703125
0.000946044921875
-0.00042724609375
0.0018310546875
0.00128173828125
-0.0050048828125
-0.00048828125
0.000335693359375
-0.00054931640625
-0.0032958984375
-0.0002899169921875
-0.00061798095703125
0.001220703125
0.00030517578125
-6.103515625e-05
-0.0003204345703125
-0.001007080078125
-0.0001220703125
-0.00054931640625
7.62939453125e-05
-0.000762939453125
-0.00018310546875
-0.00017547607421875
6.866455078125e-05
-0.00048828125
-6.103515625e-05
0.00028228759765625
-0.00018310546875
-0.00030517578125
0.0005950927734375
-0.000152587890625
-8.0108642578125e-05
-0.000152587890625
-0.00016021728515625
9.5367431640625e-06
-0.0006866455078125
3.0517578125e-05
0.00074005126953125
-9.1552734375e-05
-0.000335693359375
-2.5272369384765625e-05
-0.0001373291015625
0.0004425048828125
-0.0006561279296875
0.000885009765625
-0.0008087158203125
-0.0003662109375
-0.0001983642578125
0.000274658203125
-4.57763671875e-05
0.000244140625
-4.57763671875e-05
0.0
-0.00067138671875
3.0517578125e-05
-0.00042724609375
0.00201416015625
0.0004425048828125
-0.00048828125
0.00030517578125
-0.001708984375
-0.0012359619140625
0.0013427734375
0.00238037109375
0.0003662109375
-0.00146484375
-0.0010986328125
0.00018310546875
-0.0018310546875
0.000152587890625
0.00146484375
0.000457763671875
0.002685546875
-0.00103759765625
0.00042724609375
0.000244140625
0.00042724609375
0.0002899169921875
0.0007781982421875
0.000701904296875
9.1552734375e-05
0.0020751953125
-0.000640869140625
0.000274658203125
-0.000244140625
-7.62939453125e-05
0.0002593994140625
-0.0001373291015625
0.0001220703125
-0.000396728515625
-0.0001220703125
-4.57763671875e-05
-0.000640869140625
-0.0003509521484375
-0.0001220703125
3.814697265625e-05
-0.00017547607421875
-0.00043487548828125
-7.62939453125e-05
1.52587890625e-05
-0.0001678466796875
0.0003509521484375
-9.1552734375e-05
0.0001220703125
0.0004730224609375
-7.62939453125e-06
0.0005035400390625
-0.000640869140625
3.0517578125e-05
-0.0001373291015625
0.00038909912109375
-9.1552734375e-05
0.00103759765625
0.000244140625
-0.00019073486328125
-0.000244140625
-0.0007781982421875
-0.0006256103515625
-1.52587890625e-05
-0.0002593994140625
-3.0517578125e-05
0.000431060791015625
0.00103759765625
-0.000274658203125
-0.0009765625
-0.000194549560546875
-0.0001220703125
-6.103515625e-05
-0.00103759765625
0.00323486328125
-0.000732421875
0.001220703125
-0.000732421875
-0.0020751953125
0.000457763671875
-0.002105712890625
-0.0042724609375
-0.0005645751953125
0.001953125
-0.0001220703125
-0.001220703125
-0.001220703125
0.00103759765625
0.0007781982421875
-0.0001373291015625
0.0001220703125
0.000640869140625
-0.0005950927734375
-0.0006256103515625
-0.00054931640625
-0.00012969970703125
-9.5367431640625e-05
0.000396728515625
-0.0005340576171875
-0.00018310546875
0.0001373291015625
-3.0517578125e-05
-6.103515625e-05
9.5367431640625e-05
6.4849853515625e-05
-0.00030517578125
7.62939453125e-05
-1.52587890625e-05
-0.00018310546875
-0.000110626220703125
-0.00079345703125
0.000213623046875
-0.000152587890625
-0.00042724609375
-7.62939453125e-06
-0.0009765625
-0.000274658203125
4.1961669921875e-05
0.0
-0.0002288818359375
0.00054931640625
-0.0003662109375
-0.00091552734375
-0.00018310546875
0.000579833984375
0.0001220703125
0.0002593994140625
-0.0001373291015625
-0.00029754638671875
0.0
0.000244140625
-0.000152587890625
-0.000732421875
-9.1552734375e-05
-0.000335693359375
-0.001708984375
0.000518798828125
0.00201416015625
-0.00201416015625
-0.0054931640625
-0.00244140625
0.00732421875
0.0008544921875
0.001220703125
-0.00048828125
-0.00201416015625
-0.00067138671875
-0.0001220703125
-0.0006866455078125
-0.00103759765625
6.103515625e-05
0.0001220703125
-0.000244140625
0.000579833984375
-0.00012969970703125
-0.0006103515625
-3.814697265625e-05
0.00018310546875
-0.000732421875
0.00042724609375
-0.00020599365234375
-0.00030517578125
0.000213623046875
-0.00032806396484375
0.0006561279296875
0.001312255859375
0.000946044921875
0.00048828125
-0.0001983642578125
-3.0517578125e-05
-0.0001220703125
-6.866455078125e-05
-0.0001983642578125
3.814697265625e-05
0.0004425048828125
1.52587890625e-05
0.000152587890625
0.0
-0.000823974609375
-3.4332275390625e-05
-0.000274658203125
-3.0517578125e-05
0.000762939453125
-7.62939453125e-05
-0.0007171630859375
-0.0001678466796875
-0.00037384033203125
0.00020599365234375
4.57763671875e-05
-0.000274658203125
-0.0001678466796875
0.000354766845703125
-0.000732421875
0.00023651123046875
0.00115966796875
0.000396728515625
0.0013427734375
-0.001708984375
-0.000518798828125
0.0
-0.001556396484375
-0.0023193359375
-0.0050048828125
-0.00018310546875
0.0025634765625
0.012451171875
0.0016326904296875
-0.002685546875
0.000457763671875
-0.0006561279296875
0.001220703125
-0.0010986328125
0.00067138671875
-0.000244140625
0.0004119873046875
0.00018310546875
-9.1552734375e-05
0.000457763671875
0.0004730224609375
-0.000396728515625
-0.00030517578125
0.000362396240234375
0.000438690185546875
-0.000274658203125
0.000213623046875
0.00042724609375
-9.1552734375e-05
-0.0003662109375
-0.0001068115234375
0.0
-0.0001220703125
0.0005340576171875
-0.0001068115234375
5.340576171875e-05
0.000194549560546875
-0.00020599365234375
-1.52587890625e-05
0.0001068115234375
0.00048828125
6.103515625e-05
0.00018310546875
0.000274658203125
0.0004730224609375
0.0006103515625
-0.000152587890625
-0.0003662109375
-1.52587890625e-05
0.00054931640625
-0.00030517578125
-0.0001678466796875
-2.288818359375e-05
0.0011749267578125
0.00030517578125
-0.00042724609375
0.0001220703125
-0.0003204345703125
-6.103515625e-05
0.0001220703125
1.52587890625e-05
-0.0003662109375
-0.00064849853515625
-0.0003662109375
-0.001220703125
0.0001678466796875
-0.0003662109375
0.000885009765625
-0.0015869140625
0.00042724609375
0.000244140625
0.00079345703125
0.0014190673828125
-0.00048828125
0.0042877197265625
0.00048828125
0.0
0.0001220703125
-5.7220458984375e-05
-0.000732421875
-0.000396728515625
0.0012359619140625
0.0001068115234375
0.00118255615234375
-0.0003814697265625
-0.00091552734375
0.0
9.1552734375e-05
0.0006561279296875
6.866455078125e-05
-0.0007476806640625
-0.0018310546875
-4.57763671875e-05
3.0517578125e-05
7.43865966796875e-05
-0.0001373291015625
-9.918212890625e-05
-0.00048828125
-0.0004425048828125
0.0011749267578125
2.6702880859375e-05
0.000213623046875
-0.0003662109375
-0.00028228759765625
-0.000148773193359375
4.1961669921875e-05
0.0001983642578125
7.62939453125e-05
-0.0001068115234375
0.00032806396484375
-0.0003662109375
0.000152587890625
-0.000164031982421875
-0.0003662109375
0.001373291015625
-0.000946044921875
0.0003662109375
0.00018310546875
-0.0006103515625
-0.000209808349609375
0.000213623046875
-0.000274658203125
-0.00030517578125
0.000244140625
0.00067138671875
-0.0001373291015625
6.103515625e-05
-0.00054931640625
-0.00018310546875
-0.000213623046875
-0.00189208984375
-0.00067138671875
-0.0006103515625
0.0032958984375
0.000396728515625
-0.002197265625
0.00128173828125
0.00103759765625
0.0006103515625
-0.0001220703125
0.0003662109375
-0.000640869140625
-0.000457763671875
0.000732421875
-0.000335693359375
-0.000152587890625
-0.00019073486328125
-0.000732421875
0.0007171630859375
-0.00018310546875
-0.000110626220703125
3.0517578125e-05
0.00030517578125
-0.00030517578125
-0.0002593994140625
0.000274658203125
0.00018310546875
0.0001220703125
0.0013427734375
3.0517578125e-05
0.000274658203125
0.000152587890625
-0.0004119873046875
0.000213623046875
0.0001068115234375
0.0001678466796875
-0.0001373291015625
0.000732421875
0.0002288818359375
-0.000335693359375
0.0
-0.00038909912109375
5.7220458984375e-05
-0.000213623046875
0.000152587890625
-0.0003204345703125
-0.000762939453125
0.00030517578125
-0.00018310546875
-9.1552734375e-05
0.0001678466796875
-0.00012969970703125
-0.000274658203125
-0.00023651123046875
0.0003204345703125
0.000518798828125
-3.0517578125e-05
-0.000152587890625
-9.1552734375e-05
0.000640869140625
0.0
-0.0001220703125
5.340576171875e-05
-0.000152587890625
-0.0023193359375
-0.00103759765625
-0.001220703125
0.0008544921875
-0.0010986328125
0.001922607421875
-0.001708984375
-0.0001220703125
0.001220703125
0.00030517578125
-0.0005645751953125
-0.0008544921875
0.00091552734375
-6.103515625e-05
0.000701904296875
6.103515625e-05
-0.000335693359375
0.0002899169921875
3.0517578125e-05
0.0001220703125
-0.0001220703125
-0.00028228759765625
0.0002288818359375
0.000396728515625
0.000274658203125
-0.0002593994140625
0.000457763671875
-5.340576171875e-05
0.0002899169921875
-0.00017547607421875
0.0008544921875
-7.62939453125e-05
4.57763671875e-05
8.392333984375e-05
0.000213623046875
0.00016021728515625
0.0001068115234375
2.288818359375e-05
5.340576171875e-05
0.0001983642578125
4.57763671875e-05
-0.00048828125
0.00018310546875
0.000217437744140625
-0.0001983642578125
-7.2479248046875e-05
-0.0002899169921875
-6.103515625e-05
6.103515625e-05
0.000457763671875
-0.00018310546875
4.57763671875e-05
-3.0517578125e-05
-0.0003204345703125
-0.0001220703125
-8.0108642578125e-05
-0.0004730224609375
0.0003662109375
-9.1552734375e-05
-0.000152587890625
-0.000244140625
-0.0003662109375
0.0001697540283203125
0.0001220703125
0.0001068115234375
0.002685546875
0.00042724609375
-0.00030517578125
-0.00469970703125
-0.0009765625
-0.00067138671875
0.0048828125
0.0032958984375
-0.0001983642578125
0.00067138671875
0.0
0.00038909912109375
0.0006866455078125
3.0517578125e-05
-0.0002899169921875
0.0005340576171875
0.00014495849609375
-0.0001068115234375
0.0003662109375
0.0001678466796875
7.62939453125e-05
3.0517578125e-05
6.103515625e-05
0.000274658203125
0.00018310546875
-6.866455078125e-05
0.00017547607421875
-0.000171661376953125
-8.0108642578125e-05
0.00023651123046875
7.62939453125e-06
-0.000232696533203125
-0.000240325927734375
-5.7220458984375e-05
-2.288818359375e-05
-7.62939453125e-06
0.00032806396484375
0.00018310546875
0.0005950927734375
-0.0009002685546875
-0.0003814697265625
-0.00043487548828125
-0.00048828125
0.0003509521484375
-0.0008544921875
3.0517578125e-05
0.0001220703125
0.000156402587890625
0.000213623046875
-5.340576171875e-05
-0.00042724609375
0.000244140625
-9.1552734375e-05
0.0007476806640625
-0.00030517578125
0.000152587890625
-0.000274658203125
0.00043487548828125
-0.0002899169921875
0.0
-0.000579833984375
-0.00079345703125
0.0002593994140625
-0.00019073486328125
0.00048828125
0.0
-0.00164794921875
3.0517578125e-05
0.0040283203125
-0.002197265625
-0.0032958984375
-0.001220703125
0.001678466796875
0.00032806396484375
-0.0005035400390625
-0.0003204345703125
1.52587890625e-05
-0.0015869140625
6.103515625e-05
-0.00011444091796875
0.000244140625
-0.00032806396484375
-0.000335693359375
0.00011444091796875
1.71661376953125e-05
0.000244140625
-0.000102996826171875
-4.57763671875e-05
0.0
9.918212890625e-05
-0.0003662109375
-0.000244140625
-2.288818359375e-05
-0.000274658203125
-3.0517578125e-05
0.00022125244140625
-0.00048828125
-3.814697265625e-06
7.62939453125e-06
0.000396728515625
8.392333984375e-05
-0.0001277923583984375
0.000118255615234375
0.000823974609375
-0.0003814697265625
0.0005340576171875
9.1552734375e-05
0.00011444091796875
9.1552734375e-05
0.0001983642578125
-0.00017547607421875
0.0001983642578125
-0.000701904296875
0.00011444091796875
-1.52587890625e-05
0.000762939453125
-3.0517578125e-05
-7.62939453125e-06
0.0
-0.0003662109375
0.0004425048828125
9.1552734375e-05
-0.00018310546875
-4.57763671875e-05
0.0002593994140625
-0.0004425048828125
-0.0002899169921875
-0.00012969970703125
-0.00042724609375
3.0517578125e-05
-0.000457763671875
-0.0002288818359375
-0.000244140625
-0.004150390625
-0.00067138671875
-0.000518798828125
0.001556396484375
-0.00146484375
0.00051116943359375
-0.0003662109375
0.00067138671875
0.000823974609375
4.100799560546875e-05
0.000152587890625
0.0004425048828125
0.000244140625
-0.0001220703125
0.000457763671875
4.57763671875e-05
-0.000457763671875
0.0001373291015625
0.0005245208740234375
-0.00018310546875
-0.00067138671875
-0.000579833984375
0.0002727508544921875
-0.000274658203125
-6.866455078125e-05
3.0517578125e-05
-3.0517578125e-05
-0.00048828125
-0.0003204345703125
3.0517578125e-05
-0.000141143798828125
0.0
-3.0517578125e-05
-0.0004425048828125
0.00020599365234375
-0.0003509521484375
0.0002593994140625
0.00023651123046875
1.52587890625e-05
7.62939453125e-06
0.0001068115234375
0.00103759765625
0.00019073486328125
9.1552734375e-05
-0.0004119873046875
9.918212890625e-05
-0.0002593994140625
-0.000396728515625
-0.00042724609375
-2.288818359375e-05
-0.00030422210693359375
0.0001068115234375
-0.0007781982421875
7.62939453125e-06
3.814697265625e-06
-0.000762939453125
0.000396728515625
-0.00016021728515625
-0.0005950927734375
-0.00042724609375
-0.001220703125
0.00018310546875
-0.00140380859375
-0.00396728515625
-0.002685546875
-0.0002288818359375
-0.0052490234375
0.00067138671875
-9.1552734375e-05
0.000213623046875
7.62939453125e-05
-0.0005950927734375
0.00057220458984375
-0.0001983642578125
-0.0003204345703125
-0.000732421875
0.00054931640625
-0.000244140625
4.57763671875e-05
-7.62939453125e-05
-0.0002899169921875
3.0517578125e-05
-0.00019073486328125
-0.00035858154296875
0.000213623046875
0.000362396240234375
-0.000640869140625
-0.0001373291015625
-0.000762939453125
0.00042724609375
-0.0002899169921875
-0.0001678466796875
-0.0001220703125
-0.00067138671875
-3.0517578125e-05
-3.0517578125e-05
3.910064697265625e-05
-0.000579833984375
0.0001220703125
-0.0001678466796875
-0.000171661376953125
0.0001373291015625
-0.0001373291015625
-0.00026702880859375
-9.918212890625e-05
7.62939453125e-05
0.0
0.0003814697265625
5.340576171875e-05
0.000823974609375
0.0003509521484375
0.0015869140625
0.0001373291015625
0.0004119873046875
-0.0002288818359375
0.000885009765625
-0.00028228759765625
-0.00016021728515625
-0.00048828125
6.103515625e-05
-0.0002899169921875
0.0002593994140625
-0.0002288818359375
-0.00054931640625
0.0009765625
-0.00067138671875
-0.00048828125
