-0.0039521088389082209,-0.063529635337804605,0.013317799802412251
-0.0078346237338261862,-0.059462407435041331,-0.0049503856402374037
-0.003811729824868563,-0.053543013821618295,0.015532037542446852
-0.0089931106837872997,-0.060211674970278121,-0.008391637988382732
-0.0086985534658633647,-0.05727233655778554,-0.021506370597964126
-0.0070201858830365059,-0.061720744342548116,-0.00099159741351586639
-0.004776410235642084,-0.056159956558268401,0.015310620558453078
-0.0091152678700648221,-0.060550808046987162,-0.005197101529937004
-0.012376093542629259,-0.039900050351478339,-0.019582736136181299
-0.016678076111649873,-0.039377328815459557,-0.020008516220438088
-0.015057391059177241,-0.03683693176512385,-0.03253437315518725
-0.017511955793168457,-0.038525593192704537,-0.019842307767075688
-0.0098685079840824114,-0.046837551133735243,-0.025176250879681498
-0.017221232902591421,-0.041063038357126061,-0.024432498905873609
-0.014266539452198728,-0.039811940141914866,-0.019053970472352685
-0.016318306645361876,-0.040423378721838016,-0.019929325198469922
-0.014514074668480792,-0.030226717657203379,-0.018084761814180329
-0.016656766104576403,-0.0317919589246312,-0.021967500653680413
-0.005296098477675008,-0.038091305838622663,-0.022919450893101066
-0.014143683616753184,-0.039295473001265749,-0.016721160327043898
-0.0096720261258076944,-0.036847256625548455,-0.029784115885919973
-0.012813669456289048,-0.037514129982620902,-0.020553819601159047
-0.0095636853960028197,-0.047876464803191597,-0.0014148229959671714
-0.018424443045625172,-0.025487384809920816,-0.028570331407558349
-0.010613165177010907,-0.048371115147571239,0.012589706153689584
-0.0098639309993795114,-0.029962921004982615,-0.0088790543224628315
-0.0077564709682555587,-0.039537361716660141,0.010257955773833233
-0.010558100351267564,-0.022378216114228321,-0.0088675808823871528
-0.0086964082834685204,-0.014900169479097544,-0.016798920551174931
-0.0094260279026526905,-0.024740315483032842,-0.011559534331793221
-0.01064142568491829,-0.023103711699101363,-0.0063742294679628147
-0.0092653513793686647,-0.015031365981595581,-0.013233150932144656
-0.041092537426267804,-0.085741375387904717,0.0074968081167881102
-0.043062499111834254,-0.079220571617025282,0.0081604183051030028
-0.044894348633094244,-0.028947274866681253,0.01349669132350983
-0.049563796643943628,-0.06824506739460752,-0.0018449421671575142
-0.042145466835191117,-0.028086152704542705,0.015063367075522483
-0.045707309702265379,-0.086417394019892582,-0.0017046345438587551
-0.04079045686185151,-0.076434192342620444,0.0065702960861308141
-0.045648147009405962,-0.087287678517074779,-0.00084410569765096147
-0.02711774059031884,-0.04743126360576546,-0.0164000431881349
-0.030466334334487429,-0.043241426000687228,-0.0129509211361834
-0.03728901815417663,0.015383365929700814,-0.0018253289969085067
-0.036066224652409176,-0.045494943061107442,-0.016947434047024611
-0.036435777266299915,0.01558889267733334,-0.0024028126543130515
-0.036702085549196101,-0.040564619330969498,-0.016768595114945752
-0.036276289934563097,-0.017669219250726557,-0.013289377525365064
-0.033251569312523245,-0.048075395196439594,-0.020543686819269116
-0.042232825703878887,-0.053232211285929289,0.0075428058167621558
-0.04471245438647075,-0.058429961988065215,-3.248171144194287e-05
-0.053003927818631051,0.030553373802641871,0.0104742000281666
-0.053202926938598016,-0.062442090450601846,-0.00868479313028909
-0.053703647001504054,0.032800929488876578,0.010304868920375273
-0.05276080960894703,-0.060242096585609188,-0.0082202089883691952
-0.05413077500249782,-0.016171744346327337,0.00058409009942651943
-0.049660195390816161,-0.068113126882207359,-0.0071808162862804182
-0.047796985364174462,-0.050425546848665688,0.0010219247835684621
-0.052145971103098841,-0.038305874669447848,-0.0041436643428553292
-0.048465634981609405,0.019087554257575003,0.01618496675538994
-0.048171230909544574,-0.04082364429109954,-0.0058560502111862965
-0.048571065818078671,0.024128977927099247,0.017581387336545417
-0.047335332721437626,-0.050168817001776139,-0.0013304251458510627
-0.048498894063211548,-0.042462297981947006,0.0022479120968612559
-0.047005072751312958,-0.050935010297888036,-0.0035037537927696647
0.037930292264825201,-0.0019349310839106482,0.029649698426957648
0.044325082242401385,0.033915835241531897,-0.071456050735876867
0.038256453138760915,0.00051524463064325928,0.029454326828057806
0.04486877968324101,0.034645235925845737,-0.074608132313036646
0.040431908392520081,0.013455537153922845,-0.0084272856877238584
0.044719674393011048,0.034154619927805205,-0.071899829564449153
0.037599997326777886,-0.0017564582699294148,0.032200028518037681
0.044687852663426057,0.03421853536431866,-0.074731777962283419
0.043483177289402798,0.014839945918142262,0.036192574361803578
0.03530195749235019,0.019722433494781012,0.0092616629625894148
0.045374848467501894,0.012583596621424954,0.047321029471316819
0.037352634533692405,0.018978525671931194,0.015030698348219797
0.045665949703424032,0.013847418573052441,0.046059833472315792
0.037937052921172075,0.02106623708149144,-0.003025531142406846
0.045435081057623984,0.014301238795351235,0.044295695506437097
0.037211365997936667,0.020224381067910042,0.0091746672452883132
0.028076998556876953,0.0095679166811222811,-0.006801625378719903
0.058316932710492222,0.0543929790613032,-0.099554394375196364
0.029850646845316599,0.012662619120435585,-0.0087591180344389324
0.05847845584374247,0.055060359265507723,-0.10101716314190724
0.029399789162091364,0.012734865139979458,-0.013880987333647708
0.058333004588589192,0.053825593441964789,-0.099601590817866459
0.029202254061038078,0.011973284545281827,-0.0093615542127672546
0.0580542620849335,0.053996848191135517,-0.10072166025774935
0.055185085220369676,0.049039929273163529,-0.10179962930669362
0.049423687406055496,0.041175209792667845,-0.10221010756346713
0.054590179530002628,0.048118348076628785,-0.098391856440574438
0.05017153533158257,0.043686579468555711,-0.11351071346811169
0.05510573569638174,0.04986955361608672,-0.10259904441441388
0.048745785258556856,0.042154465177796578,-0.11679783365893086
0.055528573011547164,0.049566356865535628,-0.10127487636413567
0.050569396835303253,0.043838337444988593,-0.11284545385718872
-0.037940442048518742,-0.0092681981223662353,0.033579231526041198
-0.040755749125089072,-0.014891259773720598,0.033687627444837331
-0.040470516119090513,-0.00045987606808466661,0.034974246425078834
-0.041529869822799312,-0.0076764878206399528,0.034964628515359517
-0.043843091203168719,0.0099655453723930913,0.029253864737754487
-0.042181470998427298,-0.01180025207356568,0.031095771535246782
-0.04052306074975727,0.0049760789216593392,0.034069790135759885
-0.041669232583470078,-0.0032490651014722071,0.035470263526588372
-0.045475556359726964,0.020982792757789248,0.012807639672633637
-0.043311856183736348,0.019513476259839249,0.01216320475257388
-0.047899896000037287,0.025853772406863845,0.013902516589502522
-0.047013626688677951,0.020986462730227629,0.015820372297113718
-0.050706463169062042,0.034543452102809569,0.015709271654820257
-0.047070055654284036,0.022575919303267973,0.015611173795793527
-0.051461837750563968,0.041208403938591251,0.016877430077332056
-0.046372530022112078,0.014562090097367827,0.014365552476965414
-0.053873899980622322,0.093734279521812375,0.034204613352542837
-0.057794913376545888,0.096577898385085098,0.034250971648933357
-0.054646883950978359,0.10419246762327371,0.034943138013544192
-0.057722822689806184,0.097090309868570424,0.034343240144046584
-0.054075864205714363,0.10473347008782159,0.034679526481527653
-0.059595274351407025,0.097495226884160166,0.031628812252387901
-0.053606037071767317,0.10126815959453937,0.034869997564842194
-0.056537988559618314,0.095576343471251407,0.035537933275880687
-0.048673378788545177,0.06945130074968496,0.036123371234499095
-0.048900581562722027,0.047924253011436296,0.035673292002766595
-0.049610608856449988,0.070002329444722067,0.036360126718094993
-0.048035984420279461,0.05389315849374416,0.038737557353840782
-0.051987813082027511,0.074658638497981183,0.033040965230760506
-0.049765589677039875,0.049242859540141119,0.034448902259629641
-0.049522243387046999,0.071457076522039961,0.036181243714505186
-0.048911520370800807,0.049615436221251551,0.03578869095886248
-0.05094539985583036,-0.02843847132057737,0.0015608965672061275
-0.067503615950586002,0.0083479320258881481,0.018020529518075794
-0.051211791227371205,-0.028424219387232552,0.0017227415231187214
-0.065186201136958555,-0.0049144285653539019,0.017385456662380526
-0.051419736470427024,-0.027825898220641288,0.0015818475229108608
-0.063700245118886029,-0.007850701653006829,0.017283113840760953
-0.065737510454313614,-0.0035485614714686549,0.018223938272120998
-0.065232540332299957,-0.0037501689294662031,0.018104361758493427
-0.053009900873828709,0.0011367222795142368,-0.023146528342000452
-0.074521918076653676,0.11109053160852772,0.012050512027536769
-0.054310059741666195,0.0041634308565825194,-0.021526240906387713
-0.075198434305906961,0.11235581936895536,0.012007430361277488
-0.053749514860947763,0.0027408917071139447,-0.023174737438720911
-0.074056298022411135,0.1090424000501127,0.011375886620314468
-0.054080491276871916,0.002784394689368308,-0.021978017956055113
-0.074708032824498893,0.11169165958001369,0.01233912809318341
-0.063960950113947646,0.014427601257587973,-0.007341217608486059
-0.081795131827532411,0.10303202000527986,0.020775233750182483
-0.064983649015640035,0.014500080953558821,-0.0087863795762995293
-0.083446923419849092,0.11874572940013679,0.022364923031006238
-0.065034574526294547,0.015279822616182421,-0.0085447203459017105
-0.083959586223197574,0.12128637123189669,0.021238384186913276
-0.0640116692036449,0.013307960923196036,-0.0066090764688674164
-0.082081682941171782,0.10639522123463314,0.021240425509424996
-0.075945201890452507,0.099752527439623401,0.015874608814829733
-0.081816235428844822,0.13792649414508354,0.029273076302046917
-0.076528350560140554,0.10563884132201436,0.017908039787249287
-0.081610343317385092,0.13542952481174664,0.028459739192927647
-0.076281808596289455,0.10504762381802642,0.017537743622794311
-0.079609344557202213,0.12853389507833463,0.02871665962699501
-0.076435193421639902,0.10564025158233908,0.01842960095392383
-0.081855563045405824,0.13656369681480096,0.02915183230338185
0.0099775039536634923,-0.014482362120536434,0.03055741796127024
-0.012811644077838837,-0.027452954534885408,0.025412225894617703
0.012490649843165755,-0.0078235887027134909,0.037145811676590874
-0.015305678251782371,-0.005708666918741433,0.031032424007051161
0.015312906188184643,-0.018334932214144135,0.044967596882223682
-0.017602025471190625,-0.008105277052556677,0.030833225100424806
0.0188404242024026,-0.025927337209851246,0.041464258185260651
-0.011664715406206784,-0.033821056636248154,0.02562771680374365
0.00079021450423087843,0.0056193381094183708,-0.01127295609529619
-0.018732400277636695,-0.0033369784859846176,-0.010453114166518243
-0.0045761815558809805,0.01006503890903214,-0.0071580136483285536
-0.024674310368348343,0.010080996763950172,-0.0021866507600944202
-0.007182756428314137,0.01058326229828435,-0.007284555344905826
-0.02583816493540923,0.011738475881378644,0.00097655945700481246
0.00070608937693374281,0.0037863034868049869,-0.012158279942871383
-0.018533927981081815,-0.0024327481275967307,-0.0070179875583764447
-0.0063499836323713159,0.011363613377165849,0.0051471548623856249
-0.03711742119833647,0.017319427176862596,0.0043824173197289521
-0.0012995070429144483,0.022691806078748124,0.009651884520517932
-0.036014498214496635,0.023861483908674954,0.011216256205057203
0.00017034224371992294,0.017051300947983135,0.014663304030119648
-0.036263053751347918,0.023378490135761709,0.016819682874486958
-0.0021553817054004126,0.011727348938292798,0.0058054907112464428
-0.032881645714649542,-0.00068731237304192725,0.013494309137875639
0.0008332956371336468,-0.0014396217154153876,0.0086840258885855694
-0.027569533972188955,-0.008665664648225456,0.016771257835753797
0.001875264014343558,0.011539279197347367,0.0094538360210933373
-0.032753818187827376,0.01099583366609856,0.014070211633948993
0.0022718672882694182,0.011705628371028818,0.015753176275648959
-0.031439325174034201,0.0096250806319828786,0.014535024184877609
-0.0052568174500339853,0.01622718879888008,-0.0017599677562208727
-0.030130261656514754,0.0088336201654076428,0.0080767797289325489
0.035738361773773271,-0.01742766976268946,0.036860372922022572
0.034937552721723684,-0.011072998195084586,0.027638510955009684
0.038641568797043745,0.015101277625665592,-0.029677606788981629
0.034849195358500284,-0.017204603457101279,0.02738787951295656
0.035143549316787988,-0.0069268580642626301,0.021764693882224902
0.035530993148906141,-0.01718499739595249,0.037087100213065979
0.038770794255469899,0.016625211597234429,-0.031161801006983011
0.026162890454147887,-0.0010403848750648601,-0.01068763722007496
0.034803580595632815,0.020053674600763051,-0.072302282079206498
0.030512383259384653,0.0054845616412580933,-0.010815454219271017
0.035239933803986469,0.019203227621077516,-0.06712413901771444
0.026913051606053288,0.0029580336121357584,-0.012948986409891318
0.035025521808660719,0.018543099349491655,-0.063714210073313959
0.023632629147923637,-0.0030253746168715768,-0.013094277399109868
0.035555808607068126,0.019243447631971219,-0.06519765564352234
0.035106209884557024,-0.00015921414153322451,0.017563136890628789
0.040647301858711737,0.023341798551763941,-0.047497760733052119
0.034180965248445848,0.0053628323544491329,0.0049840464090836157
0.040272308521758081,0.023466158983651092,-0.048813972863033149
0.035342713178786643,0.0051487777923072972,0.0079744389447132247
0.03669383613702526,0.0036350654261615677,0.0089300052122628926
0.035910543033028257,-8.5490748112706162e-06,0.021890810256065294
0.040210900506734003,0.021435707019791701,-0.039043500184074729
0.030365609251421496,-0.001086462628305879,0.010575209617182927
0.035985058425926732,0.025744930481376594,-0.070649994924432025
0.02923308407207615,0.0031051324190782882,-0.0056680579732077806
0.038007680469037824,0.028719371323736292,-0.064644302077566745
0.029663227592506936,0.0030484785486827957,-0.0037311767201327799
0.036600402338543073,0.027978986825188453,-0.068213583713176471
0.029755074252019925,-0.00016521353932826596,0.005276944195773116
0.036794598978697524,0.027906317470410068,-0.071047164533330459
0.030311413682758519,-0.027860962834976796,0.051961590908921412
0.032433752862428708,-0.024417289033990017,0.04232325998358584
0.035538567387050281,-0.0039107257430395,0.022996403436419028
0.031434511813431411,-0.00864406776764199,0.01182465211623264
0.035231100479349388,-0.006473150731909968,0.032994131047700007
0.033057184628214373,-0.017751341226384769,0.035556909474732078
0.021634210061833498,-0.053300239488137842,0.11410330756398347
0.030855660636958139,-0.023883050781735863,0.042714663106560719
0.025990544678344912,-0.0062183837330577847,-0.012164133782967058
0.026452697299736067,-0.0031182298800319108,-0.015190933483835205
0.02696530386107546,0.00035900742179913669,-0.017227662485703874
0.031744743273745574,0.00065692810702746879,0.0007604552600229867
0.023812217448171101,-0.0004038875961834363,-0.020798953022996433
0.027566252313744495,0.00030937216316928324,-0.013447872635573748
0.024480776439482248,-0.0037845559609397698,-0.018469707528967035
0.027876845025758597,-0.0052006323622200588,-0.0036114768150966787
0.031277779423608654,0.0033343131148043706,0.012915992222367769
0.035869109000763948,-0.0032063403297673963,0.014475001444660887
0.033264850105420171,0.0049961999434518459,0.0066375127265363709
0.03264944908559457,0.0016740568426512339,0.014152493792598133
0.034899465739849693,-0.0024981481296393721,0.018606099539302506
0.03277905473398264,-0.0005021965690580058,0.021075715980207379
0.034729563866485146,-0.0050487849102017479,0.021610834490745853
0.036706180389232894,0.00058349257357300009,-0.010623991339512097
0.034828046250983291,-0.0021993934561671336,-0.010536046303564065
0.036050184270171613,0.0017331824075349912,-0.009600468083390953
0.035250789170025547,-0.0028293415535578397,-0.0079267027172156453
0.034455936517909083,0.0014493429825032818,-0.0037069324396067013
0.035516177724357605,-0.0013689597892944188,-0.0095020256845683593
0.035468439306743649,0.00038244497890015989,-0.0085694665729587373
0.032947313735434733,-0.0043122395100383092,-0.0064185772686415491
0.028916202033361954,-0.031752012804464921,-0.0070963289390411502
0.030309664549441478,-0.029775181260722147,0.00058091717864325787
0.030277962788286285,-0.028031836743797823,-0.0078140695775777667
0.03047266402360839,-0.029242555094207291,-0.011287620149078437
0.029403858577972175,-0.031706453324963024,-0.0054514124464576192
0.030492998948059079,-0.030281345067270756,-0.0089245718316365748
0.029881521864295834,-0.02953982947991755,-0.0060175187386685789
0.031456824372831774,-0.027631619279815372,-0.010436520113660324
0.017723262300803951,-0.0031213112224321347,-0.037552699780230278
0.019569136728044646,-0.0028268820393802583,-0.04455434780578757
0.016664400978490871,-0.0017424142712206276,-0.036505990360387125
0.020343073025705673,-8.7700902225230331e-06,-0.044448920646694819
0.017492780535582775,-0.0015484632176280635,-0.036333515217504241
0.020101387063282291,-0.0009114411697431911,-0.043367329300863372
0.019510016006050887,-0.0013846426887260807,-0.045115905223319659
0.034510255083462955,-0.0092171783094017901,-0.011581439632544556
0.032400560045034471,-0.0035950552737707775,-0.013974944887184856
0.035441494029238199,-0.0083138298188079815,-0.0096406441920473453
0.032474831826866522,-0.0045893809849753033,-0.019639144142497206
0.035855608938465261,-0.0081826129140015174,-0.0087887176692208711
0.03131969961833133,-0.0035463917332671764,-0.017643727792857267
0.035360670639977193,-0.0094545853008776975,-0.0075221695037903987
0.02302165690725963,-0.0068254546467625462,-0.04745432002259662
0.024073262854557582,-0.009741274220007869,-0.04747574703129883
0.023139214024843306,-0.0055675531322164264,-0.045520406491171464
0.023401102650451807,-0.010238300710021148,-0.046681400024954113
0.023078619942852811,-0.0053234094162288859,-0.047474608667014549
0.023670299323980789,-0.0093804436874431602,-0.048396428441307177
0.022717794762389002,-0.0051949268599359886,-0.048995939369999297
0.023652723341024664,-0.0096834314234675312,-0.048159960267356021
-0.041617825382062067,-0.084352161192012526,0.013081442671637262
-0.037385114616679871,-0.090918701528164753,0.025673496257817962
-0.038218993911478621,-0.059058238282156401,0.016761575205942285
-0.0021038050618785494,-0.078864805624116255,0.096576226096828782
-0.039624086474751789,-0.083588096190960776,0.014225897062339208
-0.056299574502649059,-0.022085518212114227,0.013683928826533376
-0.043314358307842131,-0.091421560993511661,0.01070022133536289
-0.047151828809983864,-0.079051903440138876,0.012096599629130263
-0.046018047140877039,-0.061710457353785136,-0.0048583105591576397
-0.048708884484329217,-0.062186743699862906,-0.0018080860434910701
-0.047729728879955094,-0.04695161405845704,0.0024805861963884583
-0.048120953157205187,-0.049073758596600833,0.0014113900696858057
-0.047186311375271274,-0.069025486741769143,-0.0049257323591183413
-0.046524039788774882,-0.063002562057857273,-0.0048418578925488193
-0.046862789686877661,-0.080685208787327323,-0.008335695382044081
-0.053263018039627248,-0.067478017842129326,-0.00093120110630066054
-0.051600208561713184,-0.092347970664298243,-0.0051978068862894343
-0.055908414194993782,-0.017508164526093984,0.0087032647599938028
-0.053520004779215591,-0.081420730334497662,-0.0047915873974015422
-0.056046361778807369,-0.048983396488316427,0.0011598208188269416
-0.053652351217465893,-0.0707447769787002,-0.001783041376941511
-0.051003239623403807,-0.071343490181495009,-0.0015288885959119493
-0.053745971820480118,-0.080432509980977812,-0.0040966422309450272
-0.054535593465612396,-0.06304894940758797,-0.0014347117931912509
-0.054549846627692175,-0.053041011356116906,0.0060845939125746271
-0.056419105626852421,-0.017224449519667406,0.010257183485650108
-0.05445492227935575,-0.035002814089675927,0.011120627963093745
-0.056913515205129155,-0.0025287697108837522,0.010519094401967834
-0.05456287353239922,-0.055130379507979207,0.0051800253879676801
-0.054769480088777564,-0.022099256891686299,0.0091555829321698645
-0.054267360746250701,-0.061105033089338047,0.0021723554430299573
-0.0063625566529385514,-0.044033357563378235,-0.052631789920779812
-0.0093181005978740638,-0.04669872092150136,-0.069208214071755217
-0.0068745228261432008,-0.04377605286162993,-0.057002054230267551
-0.010792732297038622,-0.047203610354820381,-0.072787544294307824
-0.0080546756729926762,-0.042281116819356895,-0.058474166097019005
-0.010811477893486321,-0.047126715347644559,-0.073192255010601032
-0.0075930321717265709,-0.043274007607814947,-0.055989202821697615
-0.0097577766663048925,-0.045585028080378578,-0.073010145975925908
-0.0082461001760082593,-0.024589414156656567,-0.064289247731249999
-0.0061603293874712009,-0.034068377286225644,-0.074411923793502338
-0.0093561201275655596,-0.024338795369861232,-0.069576324334046244
-0.0056457234703900785,-0.035535049292175803,-0.073274370463899813
-0.010366070283217963,-0.022702710142210088,-0.0694439387302387
-0.0056395597155170672,-0.036216450567848023,-0.071720247807632823
-0.0088496737844161594,-0.024957218855615654,-0.069058566656228462
-0.0053645320719629512,-0.034293360258360696,-0.072851130808438067
-0.017983647142469344,-0.0070291639179444346,-0.074798727686152811
-0.018887575712160383,-0.0025894847348973951,-0.085141188650028773
-0.017393937176632155,-0.0047836709012819131,-0.079674816980544017
-0.018309649257446405,-0.0013981786752663222,-0.088236610585774297
-0.018312643267330897,-0.0029267499954770139,-0.079364613411515655
-0.018772725976800353,-5.7052185656199394e-05,-0.087889021387220781
-0.01711950188039545,-0.004711969278548135,-0.080372242572732955
-0.016894374785669391,-0.0022011675713335252,-0.089275213781282198
-0.015012514897589334,-0.004212450426578261,-0.054068251636147049
-0.013097009311358715,-0.024213151922705321,-0.096786961463997623
-0.01238520921194825,-0.025303942751583586,-0.097546124815670848
-0.013695319005781841,-0.0063999714496970296,-0.051844988407984904
-0.012387398288171373,-0.025935232850346501,-0.097041714108166005
-0.015533514657107604,-0.0049520015915824837,-0.054445396886044044
-0.012004651581396632,-0.024837457339182179,-0.096509232632532985
0.044298876823479279,-0.018997469400694703,0.037448024612089084
0.049433233128796661,0.0026994176874429957,0.026687742331573068
0.053953410754740194,0.012275077956340572,0.026490068609011486
0.051785870821684225,0.015261834266493612,0.014610724843154173
0.054782574434820007,0.016516155487020134,0.018420914847731992
0.051201823224104458,0.023146912449031467,-0.0071872979390095928
0.052710303833128816,0.0084922731432744564,0.028214473903810006
0.051789054967213283,0.018390761662065328,0.0066578044343833173
0.035146992926403962,0.0086389235057215286,-0.0027335343913346003
0.042486520880303663,0.016252715359394789,0.0065402494510121735
0.047763493849603281,0.019855237872149632,0.010117027405263842
0.043985072440824738,0.017523580057185326,0.012542451392261436
0.052790581122068761,0.0222705322498482,0.018872852337005443
0.047174596498459453,0.02017427483190239,0.018030211170690261
0.046469711547341801,0.020046419743010972,0.010052707006667579
0.046385186544206494,0.01999958552916117,0.014887128804578577
0.053263105225884282,0.015352656980872081,0.039159931912535632
0.057450970031426206,0.024362281581910627,0.036103637239959317
0.059040106344920025,0.024606634987217567,0.026338842153563573
0.057543002066434965,0.028210599004227063,0.016922463884087292
0.059293142113442387,0.026306526474062727,0.019733745338264809
0.056677868255592324,0.031382034440328346,-0.010701029407542259
0.053566148215713885,0.025547291364337761,0.014366215673344881
0.05591279266006377,0.025983434440733953,0.004110360081206567
0.055158293333310598,0.016176561927459136,0.027176250832510396
0.055030317827912588,0.011610317419828464,0.020355534524752011
0.057854586543817449,0.020060138793579346,0.021274760116820945
0.053568061869628446,0.0096243549996391578,0.020729281203658006
0.057437246365840113,0.017854592414007251,0.026650143174521086
0.050162838152099917,0.0075897161094280264,0.017342742094565575
0.056664239634854681,0.019779545636900247,0.025658508587927162
0.052818203566900215,0.0098888579273031883,0.022012277681875209
0.02799608370430667,-0.033781138472646792,0.0044019796945267455
0.02841056193871638,-0.027856126987142082,0.010554271179563816
0.028191869465963668,-0.028611822604273907,0.0067150038577888536
0.027839923063170589,-0.025076741845988612,0.0078332347425346237
0.028238034374018159,-0.02499744486227071,0.0087187516370537781
0.029509935054348263,-0.023329406687991577,0.0075903402116112312
0.029819628721448679,-0.026866941148389951,0.0088360238016295216
0.029821868060568767,-0.028140076685645932,0.0092687360893514686
0.022385981806365435,1.0870395556502303e-05,-0.045056662205068918
0.021660475016635282,0.000402289120462169,-0.042642473706681339
0.023212387506798351,0.0021010374131653557,-0.04422511562812495
0.020792904393083921,0.0012677976529786817,-0.040288011240991822
0.023609153032436051,0.0020439494527995715,-0.041757006251178432
0.020571309763241775,-0.00073053839618887216,-0.041854012989336477
0.023373761785358001,8.2441894979537223e-05,-0.044430706206472929
0.02183720264958602,0.00061341050424073673,-0.042682212823101147
0.037246407268028671,0.023520335142124763,0.0022150613378847566
0.04261641608798377,0.02149522726020003,0.0087432473071679864
0.040393600677569662,0.02953390216806388,-0.0021207401911231779
0.04231202893283742,0.029600436758301932,-0.00091863251885172543
0.040509490065964555,0.024240521662172502,0.011357502848023312
0.04311842915384332,0.030826746991994988,-0.00034854863189455129
0.039235554637447982,0.029983266211810404,-0.017784553926699212
0.03704083180661661,0.02112701042262605,-0.02301627936690755
0.030136577834419233,0.0076687150269900061,-0.025176997882792342
0.040443744430714586,0.028568484308909275,-0.03557456853219549
0.032820486763596529,0.011804604455207346,-0.024830468737089911
0.038782686019298761,0.025480597282118038,-0.024144371242089579
0.0329548394275554,0.012033084519705081,-0.021373074577651658
0.037531642873059844,0.022415441292742141,-0.027199766547906387
-0.0073438064167028602,-0.039151914334262794,0.033843974794394022
-0.015025290259663366,-0.023224326844075105,0.020536368835937641
-0.014137638822497736,-0.018337554998612473,0.019942310908988566
-0.017552026757357338,-0.009201919929885562,0.020431912032231714
-0.02108444335596046,-0.014293529058722594,0.012586654340924382
-0.014110591093611886,-0.02032660747430786,0.024512248989107192
-0.010753687317647,-0.019786782534770255,0.028299471298822279
-0.016107525827529307,-0.0049221454454807098,0.022665134037865908
-0.024046561530430128,0.011496469804269428,-0.0094013581291499827
-0.030317801203598237,0.02097538944252926,-0.0084326137562867019
-0.023932117040074974,0.0089192646671996806,-0.0073497144701463735
-0.036492867013333485,0.027885600003706521,-0.0085842628979935394
-0.019981416579863694,-0.00069044229351908955,-0.014984449634347804
-0.028248622419581836,0.017714335254169176,-0.0059625413241129934
-0.020041646550861689,0.0017069334720362975,-0.014039190710215626
-0.039395308799435029,0.032589724086092654,0.0081606177334419775
-0.033550825650485672,0.030196920387198407,0.0070871130555043354
-0.038881556743110085,0.034310045880817666,0.006497937036755881
-0.034885521663274861,0.027975353513470459,0.004231709713921515
-0.039745657577039468,0.033033412603450538,0.0054944013989800212
-0.031729907568669329,0.028888195279660401,0.010649524126397072
-0.036222669272944506,0.033661227875381915,0.010508042311467156
-0.027634841618258955,0.022951839150082299,0.014687190915777698
-0.02838804429213921,0.013169700464571806,0.011289968218208407
-0.023841889565521607,0.01990838654535991,0.0091624669231465481
-0.028639190325136878,0.02427024613488564,0.0073006324941433422
-0.024098124712320843,0.013464834510850211,0.012558705027924784
-0.023754639803207078,0.013183642213759528,0.011052530721773405
-0.031625625607519275,0.011760972908810055,0.0020451068372527846
-0.043381884953532741,0.044559789961399428,0.0017679272890436435
-0.040749877304667198,0.034967853955081757,0.001044171833636115
-0.041864456937351316,0.042333924895467008,0.0028738100236856252
-0.038360897776979742,0.027888179463422983,0.0022034223912144853
-0.043837591943820156,0.04690392392910632,0.0036675243481949673
-0.032774959095417985,0.017624238617364757,0.0031202174353178948
-0.043664733395065346,0.044344978637450405,0.00039936626092318915
-0.056722165983329957,0.063241029257870646,-0.011231380588832758
-0.056011989064254766,0.073071173316647239,-0.0042647357282444938
-0.056417356635223903,0.066220977531491421,-0.0078555212695187882
-0.060004297191329742,0.080209185978841316,-0.0044635728120673568
-0.056734861958957904,0.063443885424717794,-0.006215610081811926
-0.060530675933903391,0.082148153495377699,-0.0036474326328849753
-0.055675819141935631,0.065502453750811471,-0.0089341608365677491
-0.06128711346792641,0.079302737403814758,-0.0056736439986507948
-0.052750887117945906,0.050661484871597273,-0.0060188600330557084
-0.056374131680149854,0.062993067967144406,-0.0049673471503114928
-0.053043860288089981,0.057866821023088238,-0.0026750109699223254
-0.056601391952391493,0.068056387849540878,-0.0038691056493160825
-0.046020175908516425,0.055809125852451187,0.0098810586531603815
-0.056491249640483417,0.07108424872274792,-0.00090133483803198208
-0.051131352355740151,0.052777131134272938,-0.0033548723883159251
-0.057195937643911149,0.067298265062355908,-0.004186335426409513
-0.051315963898294542,0.060751624162802005,-0.0027180113772634906
-0.048685260674092339,0.056949555638587744,-0.0018532178830324589
-0.051370610394897639,0.059558289255133366,-0.0021874336004694588
-0.047975709512199469,0.054301118311225485,-0.001869970013289067
-0.051068556133432086,0.057073891737040916,-0.0026354438575722059
-0.047393027257475739,0.05664523485205078,-0.0013251565610204966
-0.050389838588425245,0.057353983888201329,-0.0020453064340647327
-0.047563174844421928,0.054806160135049818,-0.0012450970118174929
0.033077246794585881,0.0055438681833959412,-0.0076250190113690483
0.025567886920687469,0.0011664358382418424,0.00012157392795438038
0.023984830914132043,0.0019285464543967947,-0.017496754411261639
0.026215541723502073,0.0007537134901878836,0.0028224014783916848
0.025916733301243403,0.003286610342720409,-0.01734415662529808
0.030794756361861929,0.0019332610372435589,0.0039204020557668728
0.026536665828135072,0.0016921498819480669,-0.012801293741043414
0.023157857820910704,-0.0016962612476588456,-0.025464517928170068
0.024067814531751632,-0.00082214882287643461,-0.026285658681354133
0.025493362672790905,0.0022850495967773753,-0.021214043607888804
0.023354925518074981,0.00010383794634094586,-0.029694173439664025
0.026757766686504564,0.0043354864784670259,-0.019890992090247521
0.024575442615399599,0.0018234603294825856,-0.028692188073177062
0.022798139503427722,-0.0027997898426254759,-0.024263737648515495
0.023207715057262535,-0.0017949121644814244,-0.026452563878608795
0.027302466874021776,0.0084089342332830646,-0.026027733275265773
0.030526002719756827,0.011287855137494716,-0.035450524065518949
0.026762310424803492,0.0088972964438793923,-0.019413499409075947
0.029877974583145728,0.015856646112110975,-0.041338948960070801
0.025024507041797012,0.0066384271479748898,-0.020215396741249111
0.028306487036009156,0.012484417797188244,-0.032042830652270302
0.022805059030766957,0.0054785128351482167,-0.017660011569147139
0.030416238322192726,0.015260649325404885,-0.039512835380504929
0.023952039341568358,0.0048194120041280628,-0.040173544168662291
0.021339150111876617,0.00090268399252510815,-0.05104365079538669
0.023146854224158422,0.002764084971937602,-0.024722709248650013
0.022783357162036479,0.0027234373340271579,-0.045213026458318033
0.026333789823081235,0.006486300805357728,-0.01924333085483888
0.023992247160998972,0.0044623881545961946,-0.043877120731897402
0.019650820233290789,-0.00097975861931389862,-0.032579838968857751
0.022820252251460456,0.0026931413625395023,-0.047504026116996827
0.027952123567767828,-0.050581911471251462,0.14330533989874997
0.052637980659618007,0.016983447818580764,0.062279232436373802
0.051596752798033357,-0.0054062699930710993,0.11906788235966202
0.053530484547297932,0.017116845652793762,0.066729627255700599
0.052641758352280701,0.0016422984659521449,0.10681552565862877
0.05255477987037082,0.014199373153331906,0.070610712183666546
0.050300557470972888,-0.010093876659648669,0.12590914511604162
0.053443313744423245,0.017269968119509215,0.066268054226516895
0.055696021944930812,0.018423725013165797,0.099873985768608994
0.055940377388007057,0.0087710326640456342,0.11105375571314455
0.055093732245668478,0.020604360316429579,0.09286141268939789
0.055914445816986291,0.0057335533780845599,0.11709241774188137
0.054311249120808008,0.019247884200243821,0.095448369861479782
0.056715516231126861,0.010369900948084924,0.11401854111360465
0.05316757764154615,0.021534060769214484,0.07845303861147368
0.056042363828817797,0.0069399959685106727,0.11530027873507963
0.052252738492459871,0.0018161889587237298,0.11061976222590142
0.057429904249465424,0.011863386446313047,0.10805779536553604
0.055984090629147602,0.02597792102411893,0.046151459874730148
0.057380422943343397,0.016784602467056743,0.097861440775025038
0.056252032600281117,0.022527956670279424,0.063795561084161539
0.057182441021332867,0.014867272979755449,0.10219017643762986
0.051353566169362042,0.015030838243553921,0.079963139506809028
0.057916213378171433,0.015334258408981213,0.10651943619808429
0.054447549466983748,0.0064668052578277955,0.10928699188613823
0.061828172716310484,0.0018573325212731886,0.14062779849190699
0.055000196362093932,0.012346464692117028,0.096537831457303616
0.062032879967139666,0.0018715869106128349,0.14127418680510595
0.053971498279298293,0.017376380242084318,0.07567214257648279
0.060726758402196108,0.0024696892602317764,0.13653639232303369
0.054343334892435535,0.010181179016464925,0.10026436867087758
0.061071991887114513,0.0015243078032193267,0.1394706246637179
0.041192599685007936,-0.0080254967834608101,0.037230675460047276
0.041103057334695006,-0.021026994444351146,0.036698885768430264
0.037337062683474628,-0.0018489283542138777,0.011317683228665599
0.040633150981878245,-0.018523149722269937,0.037539670153282842
0.039171715249613971,0.0081625875166106421,0.0002316516379568547
0.040210020631369872,-0.01168443832336559,0.028629599686696948
0.041589681277848109,-0.015802125072879782,0.043612151190762873
0.039877908395792527,-0.0043483913583025847,0.020769059969489113
0.029956842683427447,0.0025412926803820395,-0.032440102053573498
0.033135286914034577,0.0055110712979532751,-0.033709278117570247
0.029781095156127289,0.0022627433714599828,-0.032659831381753643
0.030893286819228521,0.0033494547309205844,-0.033354234267505008
0.030916103816675339,0.0021180653509777032,-0.027624518619391636
0.031697592613293468,0.0048166410816288608,-0.032395245857468238
0.030086879857993441,0.00232321420739367,-0.03013677964104728
0.031817524024922911,0.0051714984936670474,-0.033080938615845303
0.039928669613585877,0.014323248507888874,-0.0090300524671854225
0.038627059875724512,-0.0037530377754443405,0.013012306067262872
0.033106517116092971,0.006527210658771012,-0.02860027614067321
0.037817214299267723,0.010073481790893872,-0.025875384100510046
0.035179734653224638,0.0099131384359776465,-0.025148180355950029
0.040751278032109345,0.0029893000336377782,0.0087065491465487341
0.038828491898986649,0.015036255889266124,-0.015633436586941614
0.042480807896540157,0.012721985807808091,-0.0018936426774205839
0.039066233868876137,0.010833339903194218,0.0021673861872805594
0.037648976389693209,-0.0054929202766228801,0.019684268520278853
0.039600676943698551,0.014486814279791869,-0.0075076002367796962
0.035659413230636983,0.010351411014592773,-0.029232203243129425
0.038598471041469608,0.014356921689185042,-0.0092241349265503817
0.037551653874519843,0.0061349516292414077,-0.0008001472659867918
0.039221142681463809,0.01124285588625008,0.0025252345000070378
0.036583166730667929,0.0031436243723864566,-0.0018686265994401221
0.017530029329273826,-0.043516895148993255,0.01706381956320414
0.018927422664500565,-0.045365595438350136,0.015092563037441711
0.016325076078074249,-0.043499329752113687,0.013850642396492115
0.018157132944063941,-0.045394472986365834,0.0099364526648643287
0.015704513003387235,-0.045318886842029636,0.01502602339101526
0.015520357201925041,-0.046712425348533496,0.0096305782230708837
0.017611699899768921,-0.04407267445714598,0.016793912538552364
0.005017732020116389,-0.012884435715568323,-0.021004069958144356
0.0051951746537513355,-0.014857337366640832,-0.02798753484626015
0.0078018428485340414,-0.0020143916386155939,-0.016002372080952672
0.0064265337749983423,-0.0074383117192108189,-0.02394892674306422
0.0078955106311864327,0.0058014573995792415,-0.012185013959443321
0.0049709803439550925,-0.010445114430515691,-0.022708376195816529
0.006319234382551696,-0.016105973111886752,-0.024878657722171661
0.005594493035512473,-0.015324792418725995,-0.027791129359503786
0.032312003374522766,0.016227247312291023,-0.0019395086684206653
0.037027895318203649,0.019169479766409887,-0.0027439839381623431
0.032036175755427457,0.013154897591622809,0.010835351228493034
0.034791631363556244,0.025429222749631768,-0.00097145853540658313
0.03057330482113195,0.017894196989443938,0.003224639976645227
0.031075153462977734,0.028177422441913309,-0.0039500516305708434
0.028297826505706093,0.024257133196834643,-0.016668592601624645
0.033002759848604735,0.025369712040807985,0.0031642900798218212
0.028531237397367973,0.0094267942066353343,-0.0029203837304786723
0.029272661157086263,0.0023164173652021236,-0.0098956591627332741
0.024839554892562211,0.020644332371054799,-0.0012339731137121575
0.030342717113578315,0.00045835051899922809,-0.0041549628989280872
0.028564735788384144,0.011710202416750791,0.0079248272869469061
0.030230223088377958,0.00035759524935777254,-0.0047928533899916559
0.024797548772680197,0.018532013074994625,-0.00039328864812798709
0.029284107743972387,-0.0011971160487454413,-0.0063140650921598039
-0.037603284988668481,-0.086512186397384241,0.0093409865209265249
-0.027928276841734472,-0.070437641148143493,0.03451939374132084
0.0058214731876298359,-0.078248432740644552,0.11616240425588076
-0.031427418323123298,-0.075696795896278354,0.027953258192466079
-0.036577036116072249,-0.070855970974820409,0.017823752157253816
-0.028496275565112875,-0.071357998121629351,0.031905553351929523
-0.032757068698181659,-0.068572174013536408,0.023681522820680426
-0.027952174418022686,-0.069630280513081164,0.030831597344995552
-0.040956944973718025,-0.060562105129082028,0.00020954182515612601
-0.040392457101761363,-0.068107041558624445,0.0096657194214367984
-0.042147039624445652,-0.063045439301978728,0.0089418236150275842
-0.045671460485714396,-0.043317968003058586,0.0034576295404916001
-0.039974140684426486,-0.063731452169621963,0.0083578030648733589
-0.041086212380953294,-0.064653789605054718,0.010278875743487764
-0.042892182775042552,-0.060616837338963496,0.024091569881748657
-0.043714437499514924,-0.06261912630499758,0.033135893869908929
-0.043728597912193627,-0.05684899739063215,0.023040289462529267
-0.043349233553558415,-0.064336687941909929,0.031001449009357571
-0.046917228491617703,-0.038219134819632412,0.020534216458669659
-0.043723411134375306,-0.057427006347913048,0.0333137059967707
-0.044055218332674985,-0.048755463300956509,0.025634501928846868
-0.042444874079321515,-0.058794897506911373,0.031385442457958955
-0.044680865641326173,-0.061055554927529954,0.015335459133162385
-0.040238192092139899,-0.063502418634438257,0.034436878127864216
-0.04483394867256707,-0.047441894403825922,0.020841637677360803
-0.04049470545094605,-0.068603033665548818,0.029413874637561215
-0.0440149309668375,-0.044180107317532261,0.024110816904825506
-0.040411733914825373,-0.06550457216459793,0.032266182425980852
-0.043981762380383496,-0.052028444956456317,0.02363966054713099
-0.039688739260919349,-0.064319033991268149,0.032509838364488695
