    This is the 0th confusion matrix ! 

   37   0   0   0   0   0   2   0   0   0

   0   25   8   3   0   2   0   1   0   0

   0   1   38   0   0   0   0   0   0   0

   0   1   0   36   0   0   0   0   0   0

   0   0   0   0   38   0   0   1   0   0

   0   0   0   0   0   38   0   0   0   0

   0   0   0   0   0   0   35   0   0   0

   0   1   0   2   0   0   0   34   0   0

   0   1   0   1   0   0   0   2   30   2

   0   2   0   0   0   1   0   0   0   33

    This is the 1th confusion matrix ! 

   37   0   0   0   1   0   1   0   0   0

   0   32   6   1   0   0   0   0   0   0

   0   1   38   0   0   0   0   0   0   0

   0   0   0   37   0   0   0   0   0   0

   0   1   0   0   38   0   0   0   0   0

   0   0   0   0   0   38   0   0   0   0

   0   0   0   0   0   0   35   0   0   0

   0   1   0   0   0   0   0   36   0   0

   0   0   0   1   0   0   1   3   30   1

   1   0   0   1   1   1   0   0   0   32

    This is the 2th confusion matrix ! 

   38   0   0   0   1   0   0   0   0   0

   0   32   4   3   0   0   0   0   0   0

   0   0   39   0   0   0   0   0   0   0

   0   0   0   37   0   0   0   0   0   0

   0   0   0   0   39   0   0   0   0   0

   0   0   0   1   0   35   0   0   0   1

   0   0   0   0   0   0   36   0   0   0

   0   1   0   3   0   0   0   33   0   0

   0   1   0   0   0   2   0   1   31   1

   0   3   0   1   0   0   0   0   0   32

    This is the 3th confusion matrix ! 

   38   0   0   0   1   0   0   0   0   0

   0   27   8   3   0   0   1   0   0   0

   0   0   39   0   0   0   0   0   0   0

   0   1   0   36   0   0   0   0   0   0

   0   0   0   0   39   0   0   0   0   0

   0   0   0   0   0   37   0   0   0   0

   0   0   0   0   0   0   35   0   0   0

   0   0   0   1   0   0   0   37   0   0

   0   1   0   2   0   1   0   5   27   0

   1   0   0   1   1   0   0   0   0   33

    This is the 4th confusion matrix ! 

   37   0   0   0   1   0   0   0   0   0

   0   30   8   0   0   0   1   0   0   0

   0   0   40   0   0   0   0   0   0   0

   0   0   0   37   0   0   0   0   0   0

   0   0   0   0   39   0   0   0   0   0

   0   0   0   1   0   36   0   0   0   0

   0   0   0   0   0   0   35   0   0   0

   0   1   0   0   0   0   0   37   0   0

   1   0   0   0   0   0   0   1   32   2

   1   0   0   2   1   0   0   0   0   32

    This is the 5th confusion matrix ! 

   37   0   0   0   1   0   0   0   0   0

   0   31   4   3   0   0   0   1   0   0

   0   0   40   0   0   0   0   0   0   0

   0   2   0   35   0   0   0   0   0   0

   0   0   0   0   38   0   0   0   0   1

   0   0   0   1   0   35   0   0   0   1

   0   0   0   0   0   0   35   0   0   0

   0   0   0   1   0   0   0   37   0   0

   0   1   0   1   0   0   0   1   32   1

   0   2   0   2   0   2   0   0   0   30

    This is the 6th confusion matrix ! 

   38   0   0   0   0   0   0   0   0   0

   0   32   4   1   0   0   1   1   0   0

   0   1   38   0   0   0   0   0   0   0

   0   1   1   34   0   0   0   1   0   0

   0   0   0   0   40   0   0   0   0   0

   0   0   0   1   0   36   0   0   0   0

   0   0   0   0   0   0   35   0   0   0

   0   2   0   2   0   0   0   34   0   0

   3   0   0   5   0   0   0   0   28   0

   1   2   0   0   1   3   0   0   0   28

    This is the 7th confusion matrix ! 

   38   0   0   0   0   0   0   0   0   0

   0   28   7   4   0   0   0   0   0   0

   0   0   39   0   0   0   0   0   0   0

   0   1   0   36   0   0   0   0   0   0

   0   0   0   0   39   0   0   0   0   0

   0   0   0   0   0   37   0   0   0   1

   0   0   0   0   0   0   35   0   0   0

   0   2   0   0   0   0   0   35   0   0

   0   0   1   0   0   2   2   0   32   0

   1   1   0   0   0   2   0   0   0   31

    This is the 8th confusion matrix ! 

   37   0   0   0   1   0   0   0   0   0

   0   30   5   3   0   0   1   0   0   0

   0   0   39   0   0   0   0   0   0   0

   0   0   0   37   0   0   0   0   0   0

   0   0   0   0   39   0   0   0   0   0

   0   0   0   1   0   37   0   0   0   0

   0   0   0   0   0   0   35   0   0   0

   0   2   0   0   0   0   0   35   0   0

   0   0   0   1   0   0   1   1   34   0

   0   1   0   1   1   2   0   0   0   30

    This is the 9th confusion matrix ! 

   37   0   0   0   1   0   0   0   0   0

   0   31   6   1   0   0   1   0   0   0

   0   0   38   0   0   0   0   1   0   0

   0   1   0   36   0   0   0   0   0   0

   0   0   0   0   39   0   0   0   0   0

   0   0   0   1   0   37   0   0   0   0

   0   0   0   0   0   0   35   0   0   0

   0   2   0   3   0   0   0   32   0   0

   0   1   0   0   0   0   0   0   36   0

   0   0   0   2   1   3   0   0   0   29

    This is the overall confusion matrix ! 

      374      0      0      0      7      0      3      0      0      0

      0      298      60      22      0      2      5      3      0      0

      0      3      388      0      0      0      0      1      0      0

      0      7      1      361      0      0      0      1      0      0

      0      1      0      0      388      0      0      1      0      1

      0      0      0      6      0      366      0      0      0      3

      0      0      0      0      0      0      351      0      0      0

      0      12      0      12      0      0      0      350      0      0

      4      5      1      11      0      5      4      14      312      7

      5      11      0      10      6      14      0      0      0      310

