    This is the 0th confusion matrix ! 

   39   0   0   0   0   0   0   0   0   0

   0   35   2   2   0   0   0   0   0   0

   0   0   39   0   0   0   0   0   0   0

   0   0   0   36   0   0   0   1   0   0

   0   0   0   0   38   0   0   1   0   0

   0   0   0   0   0   38   0   0   0   0

   0   0   0   0   0   0   35   0   0   0

   0   0   0   0   0   0   0   37   0   0

   0   0   0   0   0   0   0   0   36   0

   0   0   0   0   0   0   0   0   0   36

    This is the 1th confusion matrix ! 

   39   0   0   0   0   0   0   0   0   0

   0   38   1   0   0   0   0   0   0   0

   0   0   39   0   0   0   0   0   0   0

   0   0   0   37   0   0   0   0   0   0

   0   0   0   0   39   0   0   0   0   0

   0   0   0   0   0   38   0   0   0   0

   0   0   0   0   0   0   35   0   0   0

   0   0   0   0   0   0   0   37   0   0

   0   0   0   0   0   0   0   0   36   0

   0   0   0   0   0   0   0   0   0   36

    This is the 2th confusion matrix ! 

   39   0   0   0   0   0   0   0   0   0

   0   38   1   0   0   0   0   0   0   0

   0   0   39   0   0   0   0   0   0   0

   0   0   0   37   0   0   0   0   0   0

   0   0   0   0   39   0   0   0   0   0

   0   0   0   0   0   37   0   0   0   0

   0   0   0   0   0   0   36   0   0   0

   0   1   0   0   0   0   0   36   0   0

   0   0   0   0   0   0   0   0   36   0

   0   1   0   0   0   0   0   0   0   35

    This is the 3th confusion matrix ! 

   39   0   0   0   0   0   0   0   0   0

   0   36   1   2   0   0   0   0   0   0

   0   0   39   0   0   0   0   0   0   0

   0   0   0   36   0   1   0   0   0   0

   0   0   0   0   39   0   0   0   0   0

   0   0   0   0   0   37   0   0   0   0

   0   0   0   0   0   0   35   0   0   0

   0   0   0   0   0   0   0   38   0   0

   0   0   0   0   0   0   0   0   36   0

   0   0   0   0   0   0   0   0   0   36

    This is the 4th confusion matrix ! 

   38   0   0   0   0   0   0   0   0   0

   0   39   0   0   0   0   0   0   0   0

   0   0   40   0   0   0   0   0   0   0

   0   0   0   37   0   0   0   0   0   0

   0   0   0   0   39   0   0   0   0   0

   0   0   0   0   0   36   0   0   0   1

   0   0   0   0   0   0   35   0   0   0

   0   1   0   0   0   0   0   37   0   0

   0   0   0   0   0   0   0   0   36   0

   0   0   0   0   0   0   0   0   0   36

    This is the 5th confusion matrix ! 

   38   0   0   0   0   0   0   0   0   0

   0   37   0   2   0   0   0   0   0   0

   0   0   40   0   0   0   0   0   0   0

   0   0   0   37   0   0   0   0   0   0

   0   0   0   0   38   0   0   0   0   1

   0   0   0   0   0   37   0   0   0   0

   0   0   0   0   0   0   35   0   0   0

   0   0   0   0   0   0   0   38   0   0

   0   0   0   0   0   0   0   0   36   0

   0   0   0   1   0   0   0   0   0   35

    This is the 6th confusion matrix ! 

   38   0   0   0   0   0   0   0   0   0

   0   38   1   0   0   0   0   0   0   0

   0   1   38   0   0   0   0   0   0   0

   0   1   2   34   0   0   0   0   0   0

   0   0   0   0   40   0   0   0   0   0

   0   0   0   0   0   37   0   0   0   0

   0   0   0   0   0   0   35   0   0   0

   0   0   0   0   0   0   0   38   0   0

   1   0   0   0   0   0   0   2   33   0

   0   0   0   0   0   0   0   0   0   35

    This is the 7th confusion matrix ! 

   38   0   0   0   0   0   0   0   0   0

   0   36   1   2   0   0   0   0   0   0

   0   0   39   0   0   0   0   0   0   0

   0   1   0   36   0   0   0   0   0   0

   0   0   0   0   39   0   0   0   0   0

   0   0   0   0   0   38   0   0   0   0

   0   0   0   0   0   0   35   0   0   0

   0   0   0   0   0   0   0   37   0   0

   0   0   0   0   0   0   0   0   37   0

   0   0   0   0   0   0   0   0   0   35

    This is the 8th confusion matrix ! 

   38   0   0   0   0   0   0   0   0   0

   0   37   1   1   0   0   0   0   0   0

   0   0   39   0   0   0   0   0   0   0

   0   0   0   37   0   0   0   0   0   0

   0   0   0   0   39   0   0   0   0   0

   0   0   0   0   0   38   0   0   0   0

   0   0   0   0   0   0   35   0   0   0

   0   0   0   0   0   0   0   37   0   0

   0   0   0   0   0   0   0   0   37   0

   0   0   0   0   0   0   0   0   0   35

    This is the 9th confusion matrix ! 

   37   0   0   0   1   0   0   0   0   0

   0   38   0   1   0   0   0   0   0   0

   0   0   39   0   0   0   0   0   0   0

   0   0   0   37   0   0   0   0   0   0

   0   0   0   0   39   0   0   0   0   0

   0   0   0   0   0   38   0   0   0   0

   0   0   0   0   0   0   35   0   0   0

   0   1   0   0   0   0   0   36   0   0

   0   0   0   0   0   0   0   0   37   0

   0   0   0   1   0   1   0   0   0   33

    This is the overall confusion matrix ! 

      383      0      0      0      1      0      0      0      0      0

      0      372      8      10      0      0      0      0      0      0

      0      1      391      0      0      0      0      0      0      0

      0      2      2      364      0      1      0      1      0      0

      0      0      0      0      389      0      0      1      0      1

      0      0      0      0      0      374      0      0      0      1

      0      0      0      0      0      0      351      0      0      0

      0      3      0      0      0      0      0      371      0      0

      1      0      0      0      0      0      0      2      360      0

      0      1      0      2      0      1      0      0      0      352

