    This is the 0th confusion matrix ! 

   39   0   0   0   0   0   0   0   0   0

   0   39   0   0   0   0   0   0   0   0

   0   0   39   0   0   0   0   0   0   0

   0   0   0   37   0   0   0   0   0   0

   0   0   0   0   38   0   0   1   0   0

   0   0   0   0   0   38   0   0   0   0

   0   0   0   0   0   0   35   0   0   0

   0   0   0   0   0   0   0   37   0   0

   0   0   0   0   0   0   0   0   36   0

   0   0   0   0   0   0   0   0   0   36

    This is the 1th confusion matrix ! 

   39   0   0   0   0   0   0   0   0   0

   0   39   0   0   0   0   0   0   0   0

   0   0   39   0   0   0   0   0   0   0

   0   0   0   37   0   0   0   0   0   0

   0   0   0   0   39   0   0   0   0   0

   0   0   0   0   0   38   0   0   0   0

   0   0   0   0   0   0   35   0   0   0

   0   0   0   0   0   0   0   37   0   0

   0   0   0   0   0   0   0   0   36   0

   0   0   0   0   1   0   0   0   0   35

    This is the 2th confusion matrix ! 

   38   0   0   0   1   0   0   0   0   0

   0   39   0   0   0   0   0   0   0   0

   0   0   39   0   0   0   0   0   0   0

   0   0   0   37   0   0   0   0   0   0

   0   0   0   0   39   0   0   0   0   0

   0   0   0   0   0   36   0   0   0   1

   0   0   0   0   0   0   36   0   0   0

   0   0   0   0   0   0   0   37   0   0

   0   0   0   0   0   0   0   0   36   0

   0   1   0   0   0   0   0   0   0   35

    This is the 3th confusion matrix ! 

   39   0   0   0   0   0   0   0   0   0

   0   39   0   0   0   0   0   0   0   0

   0   1   38   0   0   0   0   0   0   0

   0   0   0   36   0   1   0   0   0   0

   0   0   0   0   39   0   0   0   0   0

   0   0   0   0   0   37   0   0   0   0

   0   0   0   0   0   0   35   0   0   0

   0   0   0   0   0   0   0   38   0   0

   0   0   0   0   0   0   0   0   36   0

   0   0   0   0   0   1   0   0   0   35

    This is the 4th confusion matrix ! 

   38   0   0   0   0   0   0   0   0   0

   0   39   0   0   0   0   0   0   0   0

   0   0   40   0   0   0   0   0   0   0

   0   0   0   37   0   0   0   0   0   0

   0   0   0   0   39   0   0   0   0   0

   0   0   0   0   0   37   0   0   0   0

   0   0   0   0   0   0   35   0   0   0

   0   1   0   0   0   0   0   37   0   0

   0   0   0   0   0   0   0   0   36   0

   0   0   0   0   1   0   0   0   0   35

    This is the 5th confusion matrix ! 

   38   0   0   0   0   0   0   0   0   0

   0   37   1   1   0   0   0   0   0   0

   0   0   40   0   0   0   0   0   0   0

   0   0   0   36   0   0   0   1   0   0

   0   0   0   0   38   0   0   0   0   1

   0   0   0   0   0   37   0   0   0   0

   0   0   0   0   0   0   35   0   0   0

   0   0   1   1   0   0   0   36   0   0

   0   0   0   0   0   0   0   0   36   0

   0   0   0   0   0   0   0   0   0   36

    This is the 6th confusion matrix ! 

   38   0   0   0   0   0   0   0   0   0

   0   39   0   0   0   0   0   0   0   0

   0   1   38   0   0   0   0   0   0   0

   0   0   2   34   0   0   0   1   0   0

   0   0   0   0   40   0   0   0   0   0

   0   0   0   0   0   37   0   0   0   0

   0   0   0   0   0   0   35   0   0   0

   0   0   0   0   0   0   0   38   0   0

   1   0   0   0   0   0   0   1   34   0

   0   0   0   0   0   0   0   0   0   35

    This is the 7th confusion matrix ! 

   38   0   0   0   0   0   0   0   0   0

   0   39   0   0   0   0   0   0   0   0

   0   0   39   0   0   0   0   0   0   0

   0   0   0   37   0   0   0   0   0   0

   0   0   0   0   39   0   0   0   0   0

   0   0   0   0   0   38   0   0   0   0

   0   0   0   0   0   0   35   0   0   0

   0   0   0   0   0   0   0   37   0   0

   0   0   0   0   0   0   0   0   37   0

   0   0   0   0   0   0   0   0   0   35

    This is the 8th confusion matrix ! 

   38   0   0   0   0   0   0   0   0   0

   0   38   1   0   0   0   0   0   0   0

   0   0   39   0   0   0   0   0   0   0

   0   0   0   37   0   0   0   0   0   0

   0   0   0   0   39   0   0   0   0   0

   0   0   0   0   0   38   0   0   0   0

   0   0   0   0   0   0   35   0   0   0

   0   0   0   0   0   0   0   37   0   0

   0   0   0   0   0   0   0   0   37   0

   0   0   0   0   0   0   0   0   0   35

    This is the 9th confusion matrix ! 

   37   0   0   0   1   0   0   0   0   0

   0   38   0   0   0   0   0   0   0   1

   0   0   38   1   0   0   0   0   0   0

   0   0   0   37   0   0   0   0   0   0

   0   0   0   0   39   0   0   0   0   0

   0   0   0   0   0   38   0   0   0   0

   0   0   0   0   0   0   35   0   0   0

   0   1   0   0   0   0   0   36   0   0

   0   0   0   0   0   0   0   0   37   0

   0   0   0   0   0   0   0   0   0   35

    This is the overall confusion matrix ! 

      382      0      0      0      2      0      0      0      0      0

      0      386      2      1      0      0      0      0      0      1

      0      2      389      1      0      0      0      0      0      0

      0      0      2      365      0      1      0      2      0      0

      0      0      0      0      389      0      0      1      0      1

      0      0      0      0      0      374      0      0      0      1

      0      0      0      0      0      0      351      0      0      0

      0      2      1      1      0      0      0      370      0      0

      1      0      0      0      0      0      0      1      361      0

      0      1      0      0      2      1      0      0      0      352

