support vectors from training data 
This is digit 0. Its positive support vectors (epsilons=0) are: 
[0, 45, 17, 4, 55, 0, 89, 24, 100, 70, 72, 100, 36, 83, 18, 39, 0]
[19, 75, 0, 37, 31, 0, 79, 26, 100, 71, 57, 100, 7, 75, 7, 32, 0]
[36, 73, 12, 51, 25, 0, 76, 15, 100, 62, 63, 100, 15, 75, 0, 25, 0]
[55, 100, 21, 73, 0, 36, 16, 0, 58, 7, 91, 34, 100, 74, 65, 96, 0]
[71, 100, 27, 76, 1, 33, 24, 0, 74, 23, 100, 65, 51, 79, 0, 58, 0]
[74, 100, 2, 49, 29, 0, 100, 54, 61, 95, 0, 39, 75, 77, 6, 21, 0]
there are total 6 support vectors for this digit




This is digit 1. Its positive support vectors (epsilons=0) are: 
[0, 72, 62, 95, 74, 100, 69, 74, 72, 49, 79, 23, 51, 0, 100, 0, 1]
[0, 57, 21, 69, 62, 83, 100, 100, 87, 87, 67, 59, 50, 30, 38, 0, 1]
[0, 51, 27, 72, 61, 85, 95, 100, 100, 91, 82, 61, 67, 30, 72, 0, 1]
[0, 74, 44, 86, 94, 100, 100, 85, 79, 64, 54, 42, 31, 21, 8, 0, 1]
[33, 66, 72, 86, 100, 100, 76, 71, 70, 40, 55, 10, 0, 0, 13, 6, 1]
there are total 5 support vectors for this digit




This is digit 2. Its positive support vectors (epsilons=0) are: 
[0, 66, 20, 100, 51, 93, 50, 51, 33, 13, 25, 0, 62, 8, 100, 7, 2]
[3, 66, 16, 100, 27, 69, 14, 32, 0, 0, 33, 5, 67, 10, 100, 11, 2]
[18, 83, 53, 100, 67, 75, 43, 47, 12, 22, 0, 0, 50, 11, 100, 22, 2]
[46, 95, 0, 94, 18, 100, 94, 92, 59, 61, 4, 32, 49, 7, 100, 0, 2]
[50, 81, 74, 100, 100, 75, 75, 43, 36, 20, 0, 28, 47, 23, 84, 0, 2]
[51, 91, 86, 100, 70, 66, 43, 34, 8, 6, 0, 11, 49, 10, 100, 0, 2]
[65, 82, 93, 100, 93, 71, 69, 44, 36, 20, 0, 0, 48, 12, 100, 16, 2]
there are total 7 support vectors for this digit




This is digit 3. Its positive support vectors (epsilons=0) are: 
[7, 85, 29, 100, 28, 70, 26, 55, 83, 58, 100, 31, 55, 11, 0, 0, 3]
[7, 78, 33, 96, 89, 100, 100, 80, 64, 60, 74, 36, 46, 14, 0, 0, 3]
[42, 98, 89, 100, 73, 72, 59, 52, 100, 32, 88, 3, 41, 0, 0, 19, 3]
[59, 85, 84, 100, 82, 79, 60, 56, 100, 48, 74, 28, 37, 14, 0, 0, 3]
there are total 4 support vectors for this digit




This is digit 4. Its positive support vectors (epsilons=0) are: 
[45, 100, 22, 79, 13, 52, 66, 45, 100, 66, 55, 50, 23, 26, 0, 0, 4]
[55, 89, 52, 100, 0, 71, 16, 53, 100, 60, 100, 65, 57, 33, 27, 0, 4]
[68, 100, 42, 75, 0, 52, 44, 50, 100, 66, 86, 46, 51, 20, 41, 0, 4]
[80, 100, 60, 76, 26, 52, 0, 28, 46, 11, 97, 29, 100, 24, 100, 0, 4]
there are total 4 support vectors for this digit




This is digit 5. Its positive support vectors (epsilons=0) are: 
[19, 77, 20, 44, 36, 0, 15, 7, 0, 52, 8, 88, 54, 99, 100, 100, 5]
[29, 94, 90, 100, 43, 100, 8, 70, 56, 61, 100, 39, 61, 11, 0, 0, 5]
[30, 91, 0, 50, 57, 54, 62, 19, 2, 0, 2, 52, 28, 96, 100, 100, 5]
there are total 3 support vectors for this digit




This is digit 6. Its positive support vectors (epsilons=0) are: 
[100, 77, 92, 100, 49, 76, 18, 48, 0, 15, 38, 0, 75, 23, 29, 27, 6]
[16, 100, 11, 71, 5, 39, 29, 11, 85, 11, 100, 28, 46, 18, 0, 0, 6]
[34, 100, 32, 100, 8, 64, 0, 27, 41, 0, 100, 10, 76, 42, 19, 60, 6]
[38, 76, 58, 100, 21, 65, 0, 27, 44, 0, 100, 22, 45, 36, 22, 8, 6]
[61, 100, 22, 71, 9, 34, 33, 0, 88, 4, 100, 37, 50, 50, 0, 30, 6]
[71, 100, 50, 87, 32, 50, 32, 11, 76, 0, 100, 32, 51, 49, 0, 41, 6]
[89, 90, 49, 100, 14, 73, 11, 41, 49, 17, 100, 28, 41, 24, 0, 0, 6]
there are total 7 support vectors for this digit




This is digit 7. Its positive support vectors (epsilons=0) are: 
[0, 81, 11, 100, 55, 97, 100, 96, 86, 76, 66, 51, 48, 26, 38, 0, 7]
[0, 88, 37, 100, 82, 90, 70, 46, 68, 0, 100, 3, 93, 30, 46, 38, 7]
[0, 93, 35, 100, 84, 100, 100, 81, 85, 61, 70, 40, 55, 20, 52, 0, 7]
[0, 99, 27, 100, 64, 95, 100, 87, 77, 63, 58, 36, 41, 7, 32, 0, 7]
[0, 87, 39, 100, 61, 70, 47, 27, 36, 0, 11, 33, 55, 35, 100, 39, 7]
[16, 78, 0, 100, 76, 92, 100, 78, 77, 35, 74, 0, 98, 32, 27, 38, 7]
there are total 6 support vectors for this digit




This is digit 8. Its positive support vectors (epsilons=0) are: 
[9, 32, 60, 62, 80, 100, 6, 93, 36, 56, 100, 27, 57, 0, 0, 25, 8]
[14, 99, 16, 67, 67, 33, 74, 0, 0, 17, 44, 48, 100, 77, 39, 100, 8]
[16, 92, 0, 70, 68, 36, 68, 0, 15, 25, 53, 63, 100, 100, 34, 92, 8]
[48, 97, 7, 76, 22, 35, 0, 0, 5, 31, 49, 65, 100, 95, 52, 100, 8]
[57, 68, 52, 100, 4, 71, 48, 37, 63, 0, 0, 13, 27, 49, 100, 78, 8]
[59, 100, 9, 86, 61, 44, 74, 0, 0, 1, 53, 39, 100, 82, 35, 88, 8]
there are total 6 support vectors for this digit




This is digit 9. Its positive support vectors (epsilons=0) are: 
[100, 75, 82, 100, 29, 91, 20, 74, 74, 74, 63, 42, 30, 15, 0, 0, 9]
[0, 73, 26, 62, 99, 96, 12, 100, 21, 66, 100, 71, 96, 29, 49, 0, 9]
[6, 96, 23, 52, 100, 63, 53, 100, 19, 77, 94, 48, 87, 2, 0, 0, 9]
[48, 100, 70, 64, 94, 98, 42, 79, 96, 79, 100, 40, 68, 2, 0, 0, 9]
[49, 54, 100, 78, 65, 100, 0, 82, 12, 60, 90, 64, 95, 33, 86, 0, 9]
[67, 88, 100, 72, 85, 100, 54, 70, 94, 83, 92, 35, 59, 0, 0, 2, 9]
[86, 80, 28, 73, 34, 100, 77, 82, 91, 49, 100, 16, 60, 0, 0, 11, 9]
[91, 74, 54, 100, 0, 87, 23, 59, 81, 67, 100, 39, 79, 4, 21, 0, 9]
[93, 73, 57, 100, 0, 81, 36, 55, 100, 71, 99, 43, 91, 6, 26, 0, 9]
there are total 9 support vectors for this digit




