   This is the 0th confusion matrix ! 

   39   0   0   0   0   0   0   0   0   0

   0   38   1   0   0   0   0   0   0   0

   0   0   39   0   0   0   0   0   0   0

   0   0   1   36   0   0   0   0   0   0

   0   0   0   0   38   0   0   1   0   0

   0   0   0   0   0   38   0   0   0   0

   0   0   0   0   0   0   35   0   0   0

   0   0   0   0   0   0   0   37   0   0

   0   0   0   0   0   0   0   0   36   0

   0   0   0   1   0   0   0   0   0   35

   This is the 1th confusion matrix ! 

   39   0   0   0   0   0   0   0   0   0

   0   39   0   0   0   0   0   0   0   0

   0   0   38   1   0   0   0   0   0   0

   0   0   0   37   0   0   0   0   0   0

   0   0   0   0   39   0   0   0   0   0

   0   0   0   0   0   38   0   0   0   0

   0   0   0   0   0   0   35   0   0   0

   0   0   0   1   0   0   0   36   0   0

   0   0   0   0   0   0   0   0   36   0

   0   0   0   1   0   0   0   0   0   35

   This is the 2th confusion matrix ! 

   39   0   0   0   0   0   0   0   0   0

   0   37   1   0   0   0   0   0   0   1

   0   1   38   0   0   0   0   0   0   0

   0   0   0   37   0   0   0   0   0   0

   0   0   0   0   39   0   0   0   0   0

   0   0   0   0   0   37   0   0   0   0

   0   0   0   0   0   0   36   0   0   0

   0   0   0   0   0   0   0   37   0   0

   0   1   0   0   0   0   0   0   35   0

   0   0   0   0   0   0   0   0   0   36

   This is the 3th confusion matrix ! 

   38   1   0   0   0   0   0   0   0   0

   0   36   1   1   0   0   1   0   0   0

   0   0   38   1   0   0   0   0   0   0

   0   0   0   36   0   1   0   0   0   0

   0   0   0   0   39   0   0   0   0   0

   0   0   0   0   0   37   0   0   0   0

   0   0   0   0   0   0   35   0   0   0

   0   0   1   0   0   0   0   37   0   0

   0   0   0   0   0   0   0   0   36   0

   0   0   0   1   0   0   0   0   0   35

   This is the 4th confusion matrix ! 

   38   0   0   0   0   0   0   0   0   0

   0   39   0   0   0   0   0   0   0   0

   0   0   40   0   0   0   0   0   0   0

   0   0   0   37   0   0   0   0   0   0

   0   0   0   0   39   0   0   0   0   0

   0   0   0   0   0   36   0   0   0   1

   0   0   0   0   0   0   35   0   0   0

   0   0   0   0   0   0   0   38   0   0

   0   0   0   0   0   0   0   0   36   0

   0   0   0   0   0   0   0   0   0   36

   This is the 5th confusion matrix ! 

   37   0   0   0   0   0   0   0   1   0

   0   38   0   1   0   0   0   0   0   0

   0   0   40   0   0   0   0   0   0   0

   0   1   0   35   0   1   0   0   0   0

   0   0   0   0   39   0   0   0   0   0

   0   0   0   0   0   37   0   0   0   0

   0   0   1   0   0   0   34   0   0   0

   0   0   0   0   0   0   0   38   0   0

   0   0   1   0   0   0   0   0   35   0

   0   0   0   0   0   0   0   0   0   36

   This is the 6th confusion matrix ! 

   38   0   0   0   0   0   0   0   0   0

   0   39   0   0   0   0   0   0   0   0

   0   1   38   0   0   0   0   0   0   0

   0   0   1   34   0   0   0   2   0   0

   0   0   1   0   39   0   0   0   0   0

   0   0   0   1   0   36   0   0   0   0

   0   0   0   0   0   0   35   0   0   0

   0   0   0   0   0   0   0   38   0   0

   0   0   0   0   0   0   0   0   36   0

   0   0   0   0   0   0   0   0   0   35

   This is the 7th confusion matrix ! 

   38   0   0   0   0   0   0   0   0   0

   0   38   1   0   0   0   0   0   0   0

   0   0   39   0   0   0   0   0   0   0

   0   0   0   36   1   0   0   0   0   0

   0   0   0   0   38   0   0   0   0   1

   0   0   0   0   0   38   0   0   0   0

   0   0   0   0   0   0   35   0   0   0

   0   0   0   1   0   0   0   36   0   0

   0   0   0   0   0   0   0   0   37   0

   0   0   0   0   0   0   0   0   0   35

   This is the 8th confusion matrix ! 

   37   0   0   0   0   0   0   1   0   0

   0   39   0   0   0   0   0   0   0   0

   0   0   38   1   0   0   0   0   0   0

   0   0   0   37   0   0   0   0   0   0

   0   0   0   0   39   0   0   0   0   0

   0   0   0   0   0   38   0   0   0   0

   0   0   0   0   0   0   35   0   0   0

   0   0   0   0   0   0   0   37   0   0

   0   0   0   1   0   0   0   0   36   0

   0   0   0   0   0   0   0   0   0   35

   This is the 9th confusion matrix ! 

   37   0   0   0   1   0   0   0   0   0

   0   38   0   1   0   0   0   0   0   0

   0   1   37   1   0   0   0   0   0   0

   0   0   0   37   0   0   0   0   0   0

   0   0   0   0   39   0   0   0   0   0

   0   0   0   0   0   38   0   0   0   0

   0   0   0   0   0   0   35   0   0   0

   0   0   0   0   1   0   0   36   0   0

   0   0   0   0   0   0   0   0   37   0

   0   0   0   0   0   0   0   0   0   35

      This is the overall confusion matrix ! 

      380      1      0      0      1      0      0      1      1      0

      0      381      4      3      0      0      1      0      0      1

      0      3      385      4      0      0      0      0      0      0

      0      1      2      362      1      2      0      2      0      0

      0      0      1      0      388      0      0      1      0      1

      0      0      0      1      0      373      0      0      0      1

      0      0      1      0      0      0      350      0      0      0

      0      0      1      2      1      0      0      370      0      0

      0      1      1      1      0      0      0      0      360      0

      0      0      0      3      0      0      0      0      0      353

