   This is the 0th confusion matrix ! 

   36   1   0   0   0   0   0   0   2   0

   0   33   2   1   0   2   0   0   0   1

   0   1   38   0   0   0   0   0   0   0

   0   1   0   36   0   0   0   0   0   0

   0   0   0   0   38   0   0   1   0   0

   0   0   0   1   0   36   0   0   1   0

   0   0   0   0   0   0   34   0   1   0

   0   0   0   0   0   0   0   37   0   0

   2   0   0   0   0   2   0   1   30   1

   0   0   0   1   0   0   0   0   0   35

   This is the 1th confusion matrix ! 

   37   0   0   0   0   0   0   0   2   0

   0   38   0   0   0   1   0   0   0   0

   0   0   39   0   0   0   0   0   0   0

   0   0   0   37   0   0   0   0   0   0

   0   1   0   0   37   1   0   0   0   0

   0   0   0   0   0   36   0   0   0   2

   0   0   0   0   0   0   35   0   0   0

   0   0   0   0   0   0   0   36   1   0

   0   0   0   0   0   0   0   0   36   0

   1   0   0   1   0   0   0   0   0   34

   This is the 2th confusion matrix ! 

   37   0   0   0   0   0   0   0   2   0

   0   34   1   0   0   1   0   0   0   3

   0   1   38   0   0   0   0   0   0   0

   0   0   0   37   0   0   0   0   0   0

   0   0   0   0   39   0   0   0   0   0

   0   0   0   0   0   31   0   1   1   4

   0   0   0   0   1   0   35   0   0   0

   0   0   0   1   0   0   0   36   0   0

   2   0   0   0   0   0   0   0   34   0

   0   0   0   0   0   1   0   0   2   33

   This is the 3th confusion matrix ! 

   36   1   0   0   0   0   0   0   2   0

   0   31   3   2   0   1   1   0   0   1

   0   0   39   0   0   0   0   0   0   0

   0   0   0   37   0   0   0   0   0   0

   0   0   0   0   39   0   0   0   0   0

   0   0   0   0   0   35   0   0   0   2

   0   0   0   0   0   0   35   0   0   0

   0   0   0   0   0   1   0   36   1   0

   0   0   0   0   0   3   0   0   33   0

   0   0   0   0   0   1   0   0   1   34

   This is the 4th confusion matrix ! 

   38   0   0   0   0   0   0   0   0   0

   0   37   1   0   0   1   0   0   0   0

   0   0   40   0   0   0   0   0   0   0

   0   0   0   37   0   0   0   0   0   0

   0   0   0   0   39   0   0   0   0   0

   0   0   0   0   0   34   0   0   0   3

   0   0   0   0   0   0   35   0   0   0

   0   0   0   0   0   0   0   38   0   0

   1   0   0   0   0   1   0   0   34   0

   0   1   0   1   0   0   0   0   0   34

   This is the 5th confusion matrix ! 

   34   0   0   0   1   1   0   0   2   0

   0   36   0   2   0   1   0   0   0   0

   0   0   40   0   0   0   0   0   0   0

   0   1   0   36   0   0   0   0   0   0

   0   0   0   0   37   1   0   0   0   1

   0   1   0   0   0   32   1   0   0   3

   0   0   0   0   0   0   35   0   0   0

   0   0   0   0   0   0   0   37   1   0

   1   1   0   0   0   2   0   0   32   0

   0   3   0   1   0   1   0   0   1   30

   This is the 6th confusion matrix ! 

   35   0   0   0   0   0   0   0   3   0

   0   37   1   0   0   1   0   0   0   0

   0   2   37   0   0   0   0   0   0   0

   0   0   1   34   0   0   0   2   0   0

   0   0   0   0   39   0   0   1   0   0

   0   0   0   1   0   35   0   0   0   1

   0   0   0   0   0   0   34   0   1   0

   0   0   0   0   0   0   0   37   1   0

   4   1   0   0   0   0   0   0   31   0

   1   0   0   0   0   2   0   0   2   30

   This is the 7th confusion matrix ! 

   37   0   0   0   0   0   0   0   1   0

   0   35   1   1   0   1   0   1   0   0

   0   0   39   0   0   0   0   0   0   0

   0   1   0   36   0   0   0   0   0   0

   0   0   0   0   38   0   0   0   0   1

   0   0   0   1   1   35   0   1   0   0

   0   0   0   0   0   0   35   0   0   0

   0   0   0   0   0   0   0   37   0   0

   1   0   0   0   0   3   0   0   33   0

   0   2   0   0   0   1   0   0   2   30

   This is the 8th confusion matrix ! 

   35   0   0   0   0   0   0   1   2   0

   0   36   0   1   0   1   0   1   0   0

   0   0   39   0   0   0   0   0   0   0

   0   0   0   37   0   0   0   0   0   0

   0   0   0   0   38   1   0   0   0   0

   0   0   0   1   0   28   0   0   0   9

   0   0   0   0   0   0   35   0   0   0

   0   0   0   0   0   2   0   34   1   0

   1   1   0   0   0   0   0   0   35   0

   0   2   0   0   0   0   0   0   1   32

   This is the 9th confusion matrix ! 

   35   0   0   0   2   0   1   0   0   0

   0   37   0   0   0   1   0   0   0   1

   0   2   37   0   0   0   0   0   0   0

   0   0   0   37   0   0   0   0   0   0

   0   0   0   0   39   0   0   0   0   0

   0   0   0   3   0   32   1   0   0   2

   0   0   0   0   0   0   35   0   0   0

   0   0   0   0   1   0   0   36   0   0

   1   0   0   0   0   1   0   0   35   0

   0   0   0   0   0   2   0   0   1   32

      This is the overall confusion matrix ! 

      360      2      0      0      3      1      1      1      16      0

      0      354      9      7      0      11      1      2      0      6

      0      6      386      0      0      0      0      0      0      0

      0      3      1      364      0      0      0      2      0      0

      0      1      0      0      383      3      0      2      0      2

      0      1      0      7      1      334      2      2      2      26

      0      0      0      0      1      0      348      0      2      0

      0      0      0      1      1      3      0      364      5      0

      13      3      0      0      0      12      0      1      333      1

      2      8      0      4      0      8      0      0      10      324

