   This is the 0th confusion matrix ! 

   0   0   39   0   0   0   0   0   0   0

   0   0   39   0   0   0   0   0   0   0

   0   0   39   0   0   0   0   0   0   0

   0   0   37   0   0   0   0   0   0   0

   0   0   39   0   0   0   0   0   0   0

   0   0   38   0   0   0   0   0   0   0

   0   0   35   0   0   0   0   0   0   0

   0   0   37   0   0   0   0   0   0   0

   0   0   36   0   0   0   0   0   0   0

   0   0   36   0   0   0   0   0   0   0

   This is the 1th confusion matrix ! 

   0   0   39   0   0   0   0   0   0   0

   0   0   39   0   0   0   0   0   0   0

   0   0   39   0   0   0   0   0   0   0

   0   0   37   0   0   0   0   0   0   0

   0   0   39   0   0   0   0   0   0   0

   0   0   38   0   0   0   0   0   0   0

   0   0   35   0   0   0   0   0   0   0

   0   0   37   0   0   0   0   0   0   0

   0   0   36   0   0   0   0   0   0   0

   0   0   36   0   0   0   0   0   0   0

   This is the 2th confusion matrix ! 

   0   0   39   0   0   0   0   0   0   0

   0   0   39   0   0   0   0   0   0   0

   0   0   39   0   0   0   0   0   0   0

   0   0   37   0   0   0   0   0   0   0

   0   0   39   0   0   0   0   0   0   0

   0   0   37   0   0   0   0   0   0   0

   0   0   36   0   0   0   0   0   0   0

   0   0   37   0   0   0   0   0   0   0

   0   0   36   0   0   0   0   0   0   0

   0   0   36   0   0   0   0   0   0   0

   This is the 3th confusion matrix ! 

   0   0   39   0   0   0   0   0   0   0

   0   0   39   0   0   0   0   0   0   0

   0   0   39   0   0   0   0   0   0   0

   0   0   37   0   0   0   0   0   0   0

   0   0   39   0   0   0   0   0   0   0

   0   0   37   0   0   0   0   0   0   0

   0   0   35   0   0   0   0   0   0   0

   0   0   38   0   0   0   0   0   0   0

   0   0   36   0   0   0   0   0   0   0

   0   0   36   0   0   0   0   0   0   0

   This is the 4th confusion matrix ! 

   0   0   0   0   38   0   0   0   0   0

   0   0   0   0   39   0   0   0   0   0

   0   0   0   0   40   0   0   0   0   0

   0   0   0   0   37   0   0   0   0   0

   0   0   0   0   39   0   0   0   0   0

   0   0   0   0   37   0   0   0   0   0

   0   0   0   0   35   0   0   0   0   0

   0   0   0   0   38   0   0   0   0   0

   0   0   0   0   36   0   0   0   0   0

   0   0   0   0   36   0   0   0   0   0

   This is the 5th confusion matrix ! 

   0   0   0   0   38   0   0   0   0   0

   0   0   0   0   39   0   0   0   0   0

   0   0   0   0   40   0   0   0   0   0

   0   0   0   0   37   0   0   0   0   0

   0   0   0   0   39   0   0   0   0   0

   0   0   0   0   37   0   0   0   0   0

   0   0   0   0   35   0   0   0   0   0

   0   0   0   0   38   0   0   0   0   0

   0   0   0   0   36   0   0   0   0   0

   0   0   0   0   36   0   0   0   0   0

   This is the 6th confusion matrix ! 

   0   0   38   0   0   0   0   0   0   0

   0   0   39   0   0   0   0   0   0   0

   0   0   39   0   0   0   0   0   0   0

   0   0   37   0   0   0   0   0   0   0

   0   0   40   0   0   0   0   0   0   0

   0   0   37   0   0   0   0   0   0   0

   0   0   35   0   0   0   0   0   0   0

   0   0   38   0   0   0   0   0   0   0

   0   0   36   0   0   0   0   0   0   0

   0   0   35   0   0   0   0   0   0   0

   This is the 7th confusion matrix ! 

   0   0   38   0   0   0   0   0   0   0

   0   0   39   0   0   0   0   0   0   0

   0   0   39   0   0   0   0   0   0   0

   0   0   37   0   0   0   0   0   0   0

   0   0   39   0   0   0   0   0   0   0

   0   0   38   0   0   0   0   0   0   0

   0   0   35   0   0   0   0   0   0   0

   0   0   37   0   0   0   0   0   0   0

   0   0   37   0   0   0   0   0   0   0

   0   0   35   0   0   0   0   0   0   0

   This is the 8th confusion matrix ! 

   0   0   38   0   0   0   0   0   0   0

   0   0   39   0   0   0   0   0   0   0

   0   0   39   0   0   0   0   0   0   0

   0   0   37   0   0   0   0   0   0   0

   0   0   39   0   0   0   0   0   0   0

   0   0   38   0   0   0   0   0   0   0

   0   0   35   0   0   0   0   0   0   0

   0   0   37   0   0   0   0   0   0   0

   0   0   37   0   0   0   0   0   0   0

   0   0   35   0   0   0   0   0   0   0

   This is the 9th confusion matrix ! 

   0   0   38   0   0   0   0   0   0   0

   0   0   39   0   0   0   0   0   0   0

   0   0   39   0   0   0   0   0   0   0

   0   0   37   0   0   0   0   0   0   0

   0   0   39   0   0   0   0   0   0   0

   0   0   38   0   0   0   0   0   0   0

   0   0   35   0   0   0   0   0   0   0

   0   0   37   0   0   0   0   0   0   0

   0   0   37   0   0   0   0   0   0   0

   0   0   35   0   0   0   0   0   0   0

      This is the overall confusion matrix ! 

      0      0      308      0      76      0      0      0      0      0

      0      0      312      0      78      0      0      0      0      0

      0      0      312      0      80      0      0      0      0      0

      0      0      296      0      74      0      0      0      0      0

      0      0      313      0      78      0      0      0      0      0

      0      0      301      0      74      0      0      0      0      0

      0      0      281      0      70      0      0      0      0      0

      0      0      298      0      76      0      0      0      0      0

      0      0      291      0      72      0      0      0      0      0

      0      0      284      0      72      0      0      0      0      0

